0.0, 12.6, 37.840000000000003, 36.340000000000003, 37.259999999999998, 36.82, 37.020000000000003, 36.090000000000003, 42.390000000000001, 42.049999999999997, 42.380000000000003, 43.009999999999998, 40.630000000000003, 40.140000000000001, 41.75, 39.799999999999997, 35.810000000000002, 37.93, 41.130000000000003, 40.229999999999997, 38.710000000000001, 39.420000000000002, 40.359999999999999, 40.759999999999998, 40.560000000000002, 38.799999999999997, 39.119999999999997, 40.759999999999998, 38.590000000000003, 39.659999999999997, 39.240000000000002, 40.799999999999997
12.6, 0.0, 37.240000000000002, 37.549999999999997, 37.939999999999998, 36.299999999999997, 38.409999999999997, 40.130000000000003, 44.299999999999997, 45.689999999999998, 44.030000000000001, 42.890000000000001, 39.490000000000002, 40.829999999999998, 39.960000000000001, 39.909999999999997, 34.840000000000003, 35.960000000000001, 39.18, 38.609999999999999, 39.479999999999997, 38.920000000000002, 39.799999999999997, 41.259999999999998, 39.460000000000001, 37.689999999999998, 41.380000000000003, 40.700000000000003, 38.43, 39.350000000000001, 39.829999999999998, 40.840000000000003
37.840000000000003, 37.240000000000002, 0.0, 12.42, 41.979999999999997, 37.890000000000001, 38.119999999999997, 37.920000000000002, 43.5, 44.609999999999999, 39.030000000000001, 39.939999999999998, 41.539999999999999, 41.82, 39.950000000000003, 40.270000000000003, 39.119999999999997, 39.090000000000003, 36.100000000000001, 37.600000000000001, 39.829999999999998, 38.560000000000002, 37.240000000000002, 37.149999999999999, 42.109999999999999, 43.390000000000001, 39.219999999999999, 38.43, 39.969999999999999, 40.700000000000003, 39.520000000000003, 40.880000000000003
36.340000000000003, 37.549999999999997, 12.42, 0.0, 41.740000000000002, 38.890000000000001, 38.119999999999997, 38.799999999999997, 46.030000000000001, 46.149999999999999, 40.719999999999999, 41.969999999999999, 43.630000000000003, 42.899999999999999, 41.549999999999997, 42.960000000000001, 39.68, 39.810000000000002, 38.030000000000001, 37.090000000000003, 40.210000000000001, 39.350000000000001, 39.68, 41.130000000000003, 42.420000000000002, 43.759999999999998, 41.950000000000003, 41.049999999999997, 40.869999999999997, 41.859999999999999, 39.810000000000002, 41.259999999999998
37.259999999999998, 37.939999999999998, 41.979999999999997, 41.740000000000002, 0.0, 10.57, 36.82, 36.979999999999997, 44.060000000000002, 44.82, 42.689999999999998, 43.229999999999997, 41.329999999999998, 40.840000000000003, 41.93, 41.520000000000003, 40.049999999999997, 39.560000000000002, 40.490000000000002, 41.090000000000003, 35.719999999999999, 37.219999999999999, 39.829999999999998, 41.899999999999999, 41.799999999999997, 41.270000000000003, 41.43, 40.600000000000001, 39.729999999999997, 37.810000000000002, 40.689999999999998, 38.890000000000001
36.82, 36.299999999999997, 37.890000000000001, 38.890000000000001, 10.57, 0.0, 38.859999999999999, 37.020000000000003, 45.280000000000001, 41.859999999999999, 44.740000000000002, 43.799999999999997, 39.079999999999998, 40.75, 41.119999999999997, 43.539999999999999, 38.390000000000001, 39.990000000000002, 40.82, 41.75, 38.240000000000002, 37.789999999999999, 41.259999999999998, 39.710000000000001, 41.5, 44.159999999999997, 42.469999999999999, 46.280000000000001, 38.030000000000001, 38.359999999999999, 40.560000000000002, 38.659999999999997
37.020000000000003, 38.409999999999997, 38.119999999999997, 38.119999999999997, 36.82, 38.859999999999999, 0.0, 11.02, 48.799999999999997, 44.700000000000003, 43.939999999999998, 41.700000000000003, 42.380000000000003, 41.149999999999999, 38.899999999999999, 42.390000000000001, 39.140000000000001, 41.549999999999997, 41.829999999999998, 39.579999999999998, 41.490000000000002, 41.280000000000001, 36.310000000000002, 37.799999999999997, 42.829999999999998, 42.240000000000002, 42.130000000000003, 38.539999999999999, 40.960000000000001, 42.350000000000001, 39.189999999999998, 39.369999999999997
36.090000000000003, 40.130000000000003, 37.920000000000002, 38.799999999999997, 36.979999999999997, 37.020000000000003, 11.02, 0.0, 49.350000000000001, 45.490000000000002, 45.479999999999997, 43.210000000000001, 43.25, 44.25, 42.609999999999999, 41.5, 39.780000000000001, 41.75, 43.520000000000003, 39.25, 44.539999999999999, 41.259999999999998, 38.270000000000003, 37.270000000000003, 42.170000000000002, 42.25, 40.270000000000003, 41.189999999999998, 40.740000000000002, 40.619999999999997, 41.299999999999997, 38.920000000000002
42.390000000000001, 44.299999999999997, 43.5, 46.030000000000001, 44.060000000000002, 45.280000000000001, 48.799999999999997, 49.350000000000001, 0.0, 11.390000000000001, 42.700000000000003, 40.060000000000002, 40.530000000000001, 39.030000000000001, 39.079999999999998, 40.789999999999999, 42.0, 41.399999999999999, 48.640000000000001, 45.560000000000002, 43.460000000000001, 41.240000000000002, 42.259999999999998, 41.560000000000002, 45.200000000000003, 43.700000000000003, 43.600000000000001, 44.380000000000003, 45.520000000000003, 49.5, 44.619999999999997, 44.420000000000002
42.049999999999997, 45.689999999999998, 44.609999999999999, 46.149999999999999, 44.82, 41.859999999999999, 44.700000000000003, 45.490000000000002, 11.390000000000001, 0.0, 38.18, 36.950000000000003, 40.960000000000001, 40.829999999999998, 38.780000000000001, 41.490000000000002, 39.780000000000001, 40.359999999999999, 48.109999999999999, 48.609999999999999, 41.369999999999997, 42.960000000000001, 42.560000000000002, 43.280000000000001, 44.380000000000003, 41.600000000000001, 42.939999999999998, 47.399999999999999, 48.119999999999997, 50.780000000000001, 47.210000000000001, 44.229999999999997
42.380000000000003, 44.030000000000001, 39.030000000000001, 40.719999999999999, 42.689999999999998, 44.740000000000002, 43.939999999999998, 45.479999999999997, 42.700000000000003, 38.18, 0.0, 10.18, 42.619999999999997, 41.710000000000001, 41.909999999999997, 42.43, 41.759999999999998, 43.200000000000003, 43.240000000000002, 43.439999999999998, 47.340000000000003, 44.920000000000002, 42.82, 45.390000000000001, 49.109999999999999, 48.049999999999997, 41.18, 44.310000000000002, 47.549999999999997, 44.439999999999998, 41.149999999999999, 45.039999999999999
43.009999999999998, 42.890000000000001, 39.939999999999998, 41.969999999999999, 43.229999999999997, 43.799999999999997, 41.700000000000003, 43.210000000000001, 40.060000000000002, 36.950000000000003, 10.18, 0.0, 42.43, 40.130000000000003, 39.920000000000002, 40.960000000000001, 42.539999999999999, 44.630000000000003, 44.159999999999997, 44.590000000000003, 42.590000000000003, 41.490000000000002, 42.609999999999999, 43.030000000000001, 45.590000000000003, 50.909999999999997, 42.630000000000003, 43.020000000000003, 46.100000000000001, 46.119999999999997, 42.200000000000003, 42.469999999999999
40.630000000000003, 39.490000000000002, 41.539999999999999, 43.630000000000003, 41.329999999999998, 39.079999999999998, 42.380000000000003, 43.25, 40.530000000000001, 40.960000000000001, 42.619999999999997, 42.43, 0.0, 12.050000000000001, 38.479999999999997, 40.109999999999999, 43.869999999999997, 40.850000000000001, 43.43, 42.759999999999998, 39.119999999999997, 40.969999999999999, 40.100000000000001, 40.990000000000002, 41.789999999999999, 43.350000000000001, 41.539999999999999, 41.590000000000003, 40.130000000000003, 39.619999999999997, 39.609999999999999, 40.729999999999997
40.140000000000001, 40.829999999999998, 41.82, 42.899999999999999, 40.840000000000003, 40.75, 41.149999999999999, 44.25, 39.030000000000001, 40.829999999999998, 41.710000000000001, 40.130000000000003, 12.050000000000001, 0.0, 38.759999999999998, 37.939999999999998, 45.219999999999999, 42.0, 42.18, 41.280000000000001, 41.18, 40.130000000000003, 42.450000000000003, 42.390000000000001, 44.509999999999998, 44.920000000000002, 43.200000000000003, 43.259999999999998, 43.710000000000001, 40.060000000000002, 40.990000000000002, 42.439999999999998
41.75, 39.960000000000001, 39.950000000000003, 41.549999999999997, 41.93, 41.119999999999997, 38.899999999999999, 42.609999999999999, 39.079999999999998, 38.780000000000001, 41.909999999999997, 39.920000000000002, 38.479999999999997, 38.759999999999998, 0.0, 13.289999999999999, 44.130000000000003, 42.219999999999999, 41.68, 40.82, 40.909999999999997, 41.640000000000001, 44.82, 48.049999999999997, 40.130000000000003, 42.630000000000003, 41.469999999999999, 42.509999999999998, 42.979999999999997, 41.68, 39.340000000000003, 42.990000000000002
39.799999999999997, 39.909999999999997, 40.270000000000003, 42.960000000000001, 41.520000000000003, 43.539999999999999, 42.390000000000001, 41.5, 40.789999999999999, 41.490000000000002, 42.43, 40.960000000000001, 40.109999999999999, 37.939999999999998, 13.289999999999999, 0.0, 45.189999999999998, 44.740000000000002, 41.329999999999998, 42.289999999999999, 42.869999999999997, 42.810000000000002, 42.259999999999998, 43.649999999999999, 45.729999999999997, 42.579999999999998, 41.130000000000003, 43.119999999999997, 44.880000000000003, 41.979999999999997, 40.310000000000002, 39.57
35.810000000000002, 34.840000000000003, 39.119999999999997, 39.68, 40.049999999999997, 38.390000000000001, 39.140000000000001, 39.780000000000001, 42.0, 39.780000000000001, 41.759999999999998, 42.539999999999999, 43.869999999999997, 45.219999999999999, 44.130000000000003, 45.189999999999998, 0.0, 12.85, 35.409999999999997, 36.170000000000002, 34.649999999999999, 36.729999999999997, 35.520000000000003, 35.719999999999999, 38.5, 38.460000000000001, 38.299999999999997, 37.600000000000001, 35.969999999999999, 36.909999999999997, 36.359999999999999, 38.539999999999999
37.93, 35.960000000000001, 39.090000000000003, 39.810000000000002, 39.560000000000002, 39.990000000000002, 41.549999999999997, 41.75, 41.399999999999999, 40.359999999999999, 43.200000000000003, 44.630000000000003, 40.850000000000001, 42.0, 42.219999999999999, 44.740000000000002, 12.85, 0.0, 35.689999999999998, 35.689999999999998, 37.579999999999998, 37.049999999999997, 36.210000000000001, 35.210000000000001, 36.32, 36.710000000000001, 38.280000000000001, 38.100000000000001, 37.259999999999998, 37.899999999999999, 35.689999999999998, 35.890000000000001
41.130000000000003, 39.18, 36.100000000000001, 38.030000000000001, 40.490000000000002, 40.82, 41.829999999999998, 43.520000000000003, 48.640000000000001, 48.109999999999999, 43.240000000000002, 44.159999999999997, 43.43, 42.18, 41.68, 41.329999999999998, 35.409999999999997, 35.689999999999998, 0.0, 12.4, 41.049999999999997, 36.880000000000003, 33.840000000000003, 36.090000000000003, 40.700000000000003, 38.350000000000001, 36.5, 39.109999999999999, 36.57, 38.25, 35.909999999999997, 36.390000000000001
40.229999999999997, 38.609999999999999, 37.600000000000001, 37.090000000000003, 41.090000000000003, 41.75, 39.579999999999998, 39.25, 45.560000000000002, 48.609999999999999, 43.439999999999998, 44.590000000000003, 42.759999999999998, 41.280000000000001, 40.82, 42.289999999999999, 36.170000000000002, 35.689999999999998, 12.4, 0.0, 41.539999999999999, 38.68, 34.259999999999998, 35.710000000000001, 38.700000000000003, 38.979999999999997, 37.520000000000003, 35.909999999999997, 35.530000000000001, 36.039999999999999, 35.409999999999997, 35.310000000000002
38.710000000000001, 39.479999999999997, 39.829999999999998, 40.210000000000001, 35.719999999999999, 38.240000000000002, 41.490000000000002, 44.539999999999999, 43.460000000000001, 41.369999999999997, 47.340000000000003, 42.590000000000003, 39.119999999999997, 41.18, 40.909999999999997, 42.869999999999997, 34.649999999999999, 37.579999999999998, 41.049999999999997, 41.539999999999999, 0.0, 13.26, 34.979999999999997, 34.560000000000002, 39.340000000000003, 41.219999999999999, 40.710000000000001, 38.359999999999999, 35.659999999999997, 38.270000000000003, 37.189999999999998, 38.159999999999997
39.420000000000002, 38.920000000000002, 38.560000000000002, 39.350000000000001, 37.219999999999999, 37.789999999999999, 41.280000000000001, 41.259999999999998, 41.240000000000002, 42.960000000000001, 44.920000000000002, 41.490000000000002, 40.969999999999999, 40.130000000000003, 41.640000000000001, 42.810000000000002, 36.729999999999997, 37.049999999999997, 36.880000000000003, 38.68, 13.26, 0.0, 35.700000000000003, 33.200000000000003, 39.789999999999999, 40.850000000000001, 39.780000000000001, 39.439999999999998, 37.079999999999998, 36.439999999999998, 36.460000000000001, 38.32
40.359999999999999, 39.799999999999997, 37.240000000000002, 39.68, 39.829999999999998, 41.259999999999998, 36.310000000000002, 38.270000000000003, 42.259999999999998, 42.560000000000002, 42.82, 42.609999999999999, 40.100000000000001, 42.450000000000003, 44.82, 42.259999999999998, 35.520000000000003, 36.210000000000001, 33.840000000000003, 34.259999999999998, 34.979999999999997, 35.700000000000003, 0.0, 13.859999999999999, 42.460000000000001, 39.619999999999997, 39.740000000000002, 41.899999999999999, 39.149999999999999, 38.939999999999998, 38.659999999999997, 38.969999999999999
40.759999999999998, 41.259999999999998, 37.149999999999999, 41.130000000000003, 41.899999999999999, 39.710000000000001, 37.799999999999997, 37.270000000000003, 41.560000000000002, 43.280000000000001, 45.390000000000001, 43.030000000000001, 40.990000000000002, 42.390000000000001, 48.049999999999997, 43.649999999999999, 35.719999999999999, 35.210000000000001, 36.090000000000003, 35.710000000000001, 34.560000000000002, 33.200000000000003, 13.859999999999999, 0.0, 39.25, 43.600000000000001, 39.329999999999998, 40.159999999999997, 38.659999999999997, 39.600000000000001, 38.549999999999997, 40.469999999999999
40.560000000000002, 39.460000000000001, 42.109999999999999, 42.420000000000002, 41.799999999999997, 41.5, 42.829999999999998, 42.170000000000002, 45.200000000000003, 44.380000000000003, 49.109999999999999, 45.590000000000003, 41.789999999999999, 44.509999999999998, 40.130000000000003, 45.729999999999997, 38.5, 36.32, 40.700000000000003, 38.700000000000003, 39.340000000000003, 39.789999999999999, 42.460000000000001, 39.25, 0.0, 15.02, 38.890000000000001, 40.75, 39.450000000000003, 37.789999999999999, 39.799999999999997, 40.439999999999998
38.799999999999997, 37.689999999999998, 43.390000000000001, 43.759999999999998, 41.270000000000003, 44.159999999999997, 42.240000000000002, 42.25, 43.700000000000003, 41.600000000000001, 48.049999999999997, 50.909999999999997, 43.350000000000001, 44.920000000000002, 42.630000000000003, 42.579999999999998, 38.460000000000001, 36.710000000000001, 38.350000000000001, 38.979999999999997, 41.219999999999999, 40.850000000000001, 39.619999999999997, 43.600000000000001, 15.02, 0.0, 38.829999999999998, 36.409999999999997, 38.140000000000001, 33.579999999999998, 38.859999999999999, 40.25
39.119999999999997, 41.380000000000003, 39.219999999999999, 41.950000000000003, 41.43, 42.469999999999999, 42.130000000000003, 40.270000000000003, 43.600000000000001, 42.939999999999998, 41.18, 42.630000000000003, 41.539999999999999, 43.200000000000003, 41.469999999999999, 41.130000000000003, 38.299999999999997, 38.280000000000001, 36.5, 37.520000000000003, 40.710000000000001, 39.780000000000001, 39.740000000000002, 39.329999999999998, 38.890000000000001, 38.829999999999998, 0.0, 16.120000000000001, 37.920000000000002, 37.280000000000001, 38.090000000000003, 40.670000000000002
40.759999999999998, 40.700000000000003, 38.43, 41.049999999999997, 40.600000000000001, 46.280000000000001, 38.539999999999999, 41.189999999999998, 44.380000000000003, 47.399999999999999, 44.310000000000002, 43.020000000000003, 41.590000000000003, 43.259999999999998, 42.509999999999998, 43.119999999999997, 37.600000000000001, 38.100000000000001, 39.109999999999999, 35.909999999999997, 38.359999999999999, 39.439999999999998, 41.899999999999999, 40.159999999999997, 40.75, 36.409999999999997, 16.120000000000001, 0.0, 39.840000000000003, 36.659999999999997, 35.079999999999998, 35.469999999999999
38.590000000000003, 38.43, 39.969999999999999, 40.869999999999997, 39.729999999999997, 38.030000000000001, 40.960000000000001, 40.740000000000002, 45.520000000000003, 48.119999999999997, 47.549999999999997, 46.100000000000001, 40.130000000000003, 43.710000000000001, 42.979999999999997, 44.880000000000003, 35.969999999999999, 37.259999999999998, 36.57, 35.530000000000001, 35.659999999999997, 37.079999999999998, 39.149999999999999, 38.659999999999997, 39.450000000000003, 38.140000000000001, 37.920000000000002, 39.840000000000003, 0.0, 14.49, 36.200000000000003, 36.390000000000001
39.659999999999997, 39.350000000000001, 40.700000000000003, 41.859999999999999, 37.810000000000002, 38.359999999999999, 42.350000000000001, 40.619999999999997, 49.5, 50.780000000000001, 44.439999999999998, 46.119999999999997, 39.619999999999997, 40.060000000000002, 41.68, 41.979999999999997, 36.909999999999997, 37.899999999999999, 38.25, 36.039999999999999, 38.270000000000003, 36.439999999999998, 38.939999999999998, 39.600000000000001, 37.789999999999999, 33.579999999999998, 37.280000000000001, 36.659999999999997, 14.49, 0.0, 36.68, 33.840000000000003
39.240000000000002, 39.829999999999998, 39.520000000000003, 39.810000000000002, 40.689999999999998, 40.560000000000002, 39.189999999999998, 41.299999999999997, 44.619999999999997, 47.210000000000001, 41.149999999999999, 42.200000000000003, 39.609999999999999, 40.990000000000002, 39.340000000000003, 40.310000000000002, 36.359999999999999, 35.689999999999998, 35.909999999999997, 35.409999999999997, 37.189999999999998, 36.460000000000001, 38.659999999999997, 38.549999999999997, 39.799999999999997, 38.859999999999999, 38.090000000000003, 35.079999999999998, 36.200000000000003, 36.68, 0.0, 16.25
40.799999999999997, 40.840000000000003, 40.880000000000003, 41.259999999999998, 38.890000000000001, 38.659999999999997, 39.369999999999997, 38.920000000000002, 44.420000000000002, 44.229999999999997, 45.039999999999999, 42.469999999999999, 40.729999999999997, 42.439999999999998, 42.990000000000002, 39.57, 38.539999999999999, 35.890000000000001, 36.390000000000001, 35.310000000000002, 38.159999999999997, 38.32, 38.969999999999999, 40.469999999999999, 40.439999999999998, 40.25, 40.670000000000002, 35.469999999999999, 36.390000000000001, 33.840000000000003, 16.25, 0.0
