0.0, 21.06, 19.73, 19.71, 19.8, 19.77, 19.51, 19.46, 19.48, 19.38, 19.55, 19.62, 19.66, 19.56, 19.93, 19.86, 20.5, 18.35, 18.29, 18.12, 18.46, 18.13, 18.38, 18.15, 18.31, 17.98, 18.29, 18.12, 18.36, 18.06, 18.15, 18.13, 18.69, 18.01, 18.25, 18.18, 18.29, 18.03, 18.33, 18.1, 18.18, 17.96, 18.16, 18.0, 18.21, 17.83, 18.13, 17.99, 18.46, 18.09, 17.94, 18.13, 17.83, 18.18, 17.78, 18.06, 17.98, 18.1, 17.82, 18.14, 18.04, 18.19, 17.98, 18.25, 18.79, 18.26, 18.22, 18.17, 18.25, 18.09, 18.26, 18.17, 18.21, 18.22, 18.31, 18.33, 18.53, 18.24, 18.32, 18.21, 19.08, 18.38, 18.42, 18.3, 18.69, 18.28, 18.42, 18.26, 18.43, 18.29, 18.38, 18.21, 18.57, 18.27, 18.31, 18.32, 18.76, 18.21, 17.98, 18.18, 17.95, 18.22, 17.92, 18.08, 17.85, 18.16, 17.81, 18.16, 17.72, 17.92, 17.75, 18.0, 19.0, 18.67, 18.42, 18.49, 18.33, 18.44, 18.36, 18.53, 18.39, 18.44, 18.28, 18.37, 18.21, 18.62, 18.39, 18.67
21.06, 0.0, 17.79, 17.42, 17.5, 17.42, 17.52, 17.48, 17.57, 17.37, 17.54, 17.59, 18.03, 17.65, 17.62, 17.69, 18.88, 17.1, 17.16, 17.06, 17.28, 17.0, 17.15, 17.03, 17.19, 17.09, 17.31, 17.17, 17.27, 17.13, 17.22, 17.04, 17.53, 16.86, 17.08, 16.94, 17.13, 16.83, 17.01, 16.94, 16.99, 17.1, 17.07, 16.97, 17.09, 16.94, 17.13, 17.01, 17.37, 17.23, 16.99, 17.22, 16.95, 17.09, 16.87, 17.15, 16.92, 17.2, 17.02, 17.19, 17.1, 17.14, 17.01, 17.2, 17.73, 17.06, 17.26, 17.0, 17.39, 16.99, 17.16, 17.01, 17.16, 17.16, 17.37, 17.16, 17.24, 17.08, 17.32, 17.09, 17.83, 17.17, 17.39, 17.07, 17.28, 17.12, 17.32, 17.14, 17.53, 17.18, 17.36, 17.21, 17.29, 17.19, 17.32, 17.21, 17.55, 17.14, 17.16, 17.23, 17.16, 17.12, 17.16, 17.25, 17.14, 17.36, 17.3, 17.27, 17.19, 17.33, 17.12, 17.38, 17.49, 17.24, 16.96, 17.16, 17.2, 17.22, 16.93, 17.17, 17.02, 17.18, 16.93, 17.19, 16.85, 17.17, 16.91, 17.15
19.73, 17.79, 0.0, 17.82, 17.73, 17.61, 17.6, 17.5, 17.66, 17.45, 17.64, 17.63, 17.89, 17.64, 17.65, 17.72, 18.98, 17.09, 17.26, 17.16, 17.37, 17.09, 17.31, 17.09, 17.3, 17.12, 17.47, 17.21, 17.32, 17.05, 17.35, 17.13, 17.56, 17.02, 17.06, 17.01, 17.03, 16.92, 17.07, 17.02, 17.06, 17.09, 17.13, 17.01, 17.29, 16.97, 17.16, 17.06, 17.49, 17.33, 17.05, 17.21, 17.03, 17.17, 16.99, 17.2, 17.02, 17.19, 17.09, 17.26, 16.95, 17.24, 17.06, 17.18, 17.77, 17.13, 17.27, 17.07, 17.23, 17.05, 17.08, 17.02, 17.09, 17.12, 17.23, 17.15, 17.27, 17.05, 17.12, 17.08, 17.65, 17.04, 17.12, 17.03, 17.27, 16.99, 17.04, 17.04, 17.2, 17.04, 17.1, 16.99, 17.11, 17.04, 17.01, 17.02, 17.5, 17.2, 16.95, 17.2, 16.94, 17.14, 16.94, 17.09, 16.92, 17.25, 16.98, 17.21, 16.88, 17.1, 16.92, 17.16, 17.61, 17.02, 16.99, 17.1, 16.87, 17.18, 17.1, 17.1, 17.13, 17.09, 16.99, 17.12, 17.07, 17.14, 17.06, 17.21
19.71, 17.42, 17.82, 0.0, 17.59, 17.54, 17.36, 17.33, 17.35, 17.35, 17.37, 17.51, 17.86, 17.56, 17.6, 17.52, 18.87, 17.16, 17.19, 17.14, 17.26, 17.14, 17.22, 17.14, 17.3, 17.22, 17.37, 17.2, 17.23, 17.05, 17.27, 17.22, 17.48, 16.95, 16.97, 16.89, 17.09, 16.91, 16.97, 16.99, 16.94, 17.05, 17.1, 17.02, 17.12, 16.96, 16.96, 17.05, 17.33, 17.39, 17.0, 17.35, 16.96, 17.26, 16.87, 17.32, 16.89, 17.38, 17.05, 17.31, 16.99, 17.39, 17.0, 17.38, 17.8, 17.19, 17.25, 17.08, 17.26, 17.15, 17.18, 17.06, 17.19, 17.22, 17.28, 17.19, 17.15, 17.14, 17.24, 17.16, 17.73, 17.05, 17.2, 17.08, 17.04, 17.0, 17.06, 16.99, 17.32, 17.1, 17.18, 17.05, 17.19, 16.99, 17.16, 17.03, 17.57, 17.16, 17.02, 17.21, 17.05, 17.14, 17.02, 17.17, 16.95, 17.34, 17.1, 17.19, 16.98, 17.27, 17.05, 17.25, 17.38, 17.08, 16.77, 17.12, 17.03, 17.21, 16.89, 17.08, 16.89, 17.13, 16.76, 17.1, 16.8, 17.17, 16.8, 17.11
19.8, 17.5, 17.73, 17.59, 0.0, 17.61, 17.62, 17.35, 17.55, 17.42, 17.49, 17.58, 17.8, 17.65, 17.63, 17.63, 18.89, 17.04, 17.18, 17.05, 17.15, 17.0, 17.11, 17.0, 17.22, 17.06, 17.32, 17.05, 17.13, 17.04, 17.2, 17.05, 17.53, 16.86, 16.99, 16.85, 16.93, 16.82, 16.93, 16.88, 16.91, 16.95, 16.98, 16.85, 17.04, 16.86, 16.97, 16.96, 17.29, 17.26, 16.95, 17.18, 16.92, 17.18, 16.76, 17.13, 16.89, 17.16, 16.95, 17.2, 16.87, 17.12, 16.93, 17.2, 17.53, 17.05, 17.1, 17.01, 17.09, 16.99, 16.93, 16.95, 16.97, 17.11, 17.12, 17.01, 17.23, 16.93, 17.06, 17.04, 17.56, 16.98, 17.0, 16.98, 17.18, 16.95, 16.93, 16.95, 17.16, 16.96, 17.0, 16.95, 16.97, 16.96, 16.98, 17.0, 17.39, 17.02, 16.8, 17.15, 16.83, 17.09, 16.72, 17.11, 16.74, 17.22, 16.8, 17.08, 16.71, 17.07, 16.77, 17.12, 17.46, 16.99, 16.95, 17.04, 16.81, 17.01, 16.95, 17.02, 17.01, 16.98, 16.91, 16.99, 16.91, 17.02, 16.93, 17.04
19.77, 17.42, 17.61, 17.54, 17.61, 0.0, 17.69, 17.54, 17.51, 17.37, 17.46, 17.57, 17.92, 17.66, 17.68, 17.69, 18.77, 16.99, 17.14, 17.06, 17.14, 16.93, 17.03, 16.95, 17.12, 16.98, 17.25, 17.01, 17.08, 16.88, 17.14, 16.94, 17.46, 16.75, 16.89, 16.77, 16.97, 16.75, 16.87, 16.77, 16.84, 16.92, 16.94, 16.72, 16.92, 16.79, 16.89, 16.75, 17.37, 17.08, 16.82, 17.03, 16.83, 17.08, 16.73, 17.12, 16.83, 17.09, 16.93, 17.07, 16.98, 17.02, 16.86, 17.01, 17.74, 16.9, 17.13, 16.84, 17.12, 16.85, 16.98, 16.86, 17.03, 17.08, 17.11, 16.99, 17.05, 16.92, 17.12, 16.93, 17.68, 16.79, 17.11, 16.8, 17.02, 16.79, 17.0, 16.82, 17.13, 16.85, 17.03, 16.82, 17.05, 16.8, 17.01, 16.8, 17.48, 16.87, 16.96, 17.03, 16.98, 16.99, 16.94, 17.0, 16.88, 17.14, 17.02, 16.99, 16.94, 16.98, 16.9, 17.02, 17.36, 16.96, 16.7, 16.92, 16.94, 16.95, 16.77, 16.94, 16.74, 16.93, 16.66, 16.94, 16.71, 16.9, 16.73, 16.96
19.51, 17.52, 17.6, 17.36, 17.62, 17.69, 0.0, 17.69, 17.56, 17.4, 17.44, 17.56, 17.91, 17.65, 17.6, 17.67, 18.85, 16.95, 17.14, 16.96, 17.21, 16.93, 17.14, 17.0, 17.16, 17.04, 17.34, 17.02, 17.13, 16.9, 17.2, 17.04, 17.52, 16.76, 16.91, 16.81, 16.87, 16.7, 16.89, 16.78, 16.9, 16.85, 16.98, 16.73, 17.02, 16.76, 16.93, 16.81, 17.24, 17.2, 16.89, 17.04, 16.93, 17.0, 16.78, 17.06, 16.83, 17.09, 16.88, 17.14, 16.91, 17.1, 16.91, 17.07, 17.66, 16.92, 17.12, 16.82, 17.08, 16.82, 16.92, 16.88, 16.92, 16.96, 17.06, 16.91, 17.14, 16.96, 16.97, 16.94, 17.56, 16.92, 17.01, 16.9, 17.12, 16.89, 16.93, 16.87, 17.06, 16.86, 16.89, 16.91, 17.0, 16.87, 16.91, 16.89, 17.34, 17.0, 16.78, 17.09, 16.85, 16.98, 16.82, 17.08, 16.79, 17.15, 16.89, 17.06, 16.76, 17.08, 16.71, 17.04, 17.46, 16.9, 16.9, 17.0, 16.82, 16.95, 16.91, 16.93, 16.96, 16.91, 16.86, 17.02, 16.89, 16.96, 16.91, 16.98
19.46, 17.48, 17.5, 17.33, 17.35, 17.54, 17.69, 0.0, 17.83, 17.42, 17.34, 17.56, 17.85, 17.56, 17.55, 17.56, 18.87, 17.07, 17.15, 17.16, 17.16, 17.07, 17.11, 17.05, 17.21, 17.08, 17.4, 17.13, 17.15, 17.12, 17.19, 17.12, 17.47, 16.83, 16.9, 16.93, 17.06, 16.82, 16.89, 16.92, 16.89, 16.95, 16.95, 16.91, 16.97, 16.85, 16.89, 16.89, 17.27, 17.18, 16.94, 17.17, 16.88, 17.16, 16.75, 17.25, 16.86, 17.2, 16.92, 17.14, 17.01, 17.2, 16.91, 17.22, 17.66, 16.92, 17.09, 16.98, 17.18, 16.95, 17.01, 16.95, 17.01, 17.07, 17.2, 17.05, 17.12, 17.0, 17.1, 17.08, 17.71, 16.94, 17.16, 16.93, 17.07, 16.91, 16.98, 16.91, 17.17, 16.94, 17.04, 16.96, 17.12, 16.91, 17.04, 16.92, 17.44, 17.04, 16.96, 17.19, 16.96, 17.07, 17.0, 17.13, 16.89, 17.25, 17.06, 17.09, 16.99, 17.07, 16.86, 17.1, 17.16, 16.94, 16.73, 17.05, 16.97, 17.02, 16.67, 17.02, 16.73, 16.98, 16.62, 16.98, 16.7, 16.96, 16.72, 17.04
19.48, 17.57, 17.66, 17.35, 17.55, 17.51, 17.56, 17.83, 0.0, 17.61, 17.47, 17.49, 17.71, 17.48, 17.5, 17.5, 18.84, 16.88, 17.02, 16.99, 17.04, 16.88, 16.98, 16.88, 17.04, 16.91, 17.2, 16.92, 17.06, 16.9, 17.05, 16.88, 17.5, 16.76, 16.94, 16.79, 16.76, 16.7, 16.87, 16.82, 16.88, 16.82, 16.93, 16.74, 16.94, 16.75, 16.86, 16.77, 17.28, 17.13, 16.87, 17.05, 16.82, 17.02, 16.63, 17.04, 16.78, 17.01, 16.88, 17.14, 16.84, 17.04, 16.75, 17.09, 17.64, 16.9, 17.0, 16.91, 16.98, 16.83, 16.77, 16.91, 16.87, 16.96, 17.05, 17.0, 17.16, 16.92, 16.95, 16.97, 17.53, 16.93, 16.99, 16.88, 17.1, 16.83, 16.91, 16.86, 17.03, 16.92, 16.99, 16.97, 17.02, 16.96, 16.95, 16.93, 17.31, 17.06, 16.85, 17.18, 16.81, 17.08, 16.8, 17.14, 16.78, 17.2, 16.88, 17.11, 16.73, 17.1, 16.74, 17.1, 17.45, 16.99, 16.88, 16.98, 16.75, 16.95, 16.89, 16.94, 16.92, 16.95, 16.84, 16.92, 16.84, 16.95, 16.83, 16.98
19.38, 17.37, 17.45, 17.35, 17.42, 17.37, 17.4, 17.42, 17.61, 0.0, 17.7, 17.56, 17.65, 17.42, 17.51, 17.57, 18.74, 16.97, 17.05, 17.0, 17.08, 16.89, 17.06, 16.9, 17.11, 16.95, 17.17, 17.0, 17.06, 16.9, 17.05, 16.9, 17.51, 16.8, 16.94, 16.85, 17.04, 16.72, 16.87, 16.8, 16.81, 16.79, 16.91, 16.79, 16.96, 16.78, 16.91, 16.77, 17.28, 17.14, 16.8, 17.04, 16.82, 17.03, 16.66, 17.08, 16.78, 17.05, 16.9, 17.07, 17.0, 17.0, 16.83, 17.03, 17.72, 16.93, 17.13, 16.9, 17.19, 16.85, 16.98, 16.91, 17.05, 17.03, 17.14, 16.95, 17.14, 16.95, 17.08, 16.94, 17.63, 16.87, 17.1, 16.9, 17.04, 16.86, 17.02, 16.82, 17.14, 16.85, 17.0, 16.84, 16.99, 16.79, 16.97, 16.74, 17.44, 17.0, 16.92, 17.01, 16.98, 17.0, 16.87, 16.98, 16.86, 17.14, 16.95, 16.9, 16.91, 16.99, 16.9, 17.01, 17.27, 16.81, 16.65, 16.88, 16.92, 16.82, 16.73, 16.93, 16.65, 16.86, 16.61, 16.87, 16.68, 16.9, 16.67, 16.88
19.55, 17.54, 17.64, 17.37, 17.49, 17.46, 17.44, 17.34, 17.47, 17.7, 0.0, 17.7, 17.95, 17.66, 17.79, 17.66, 19.09, 17.11, 17.29, 17.19, 17.27, 17.03, 17.3, 17.13, 17.23, 17.16, 17.46, 17.14, 17.32, 17.07, 17.39, 17.17, 17.7, 16.84, 17.16, 16.99, 17.14, 16.92, 17.09, 16.99, 17.07, 17.03, 17.15, 16.96, 17.23, 16.97, 17.17, 16.95, 17.49, 17.36, 17.1, 17.19, 17.07, 17.25, 16.92, 17.3, 17.01, 17.31, 17.08, 17.36, 17.05, 17.25, 17.06, 17.3, 17.76, 17.05, 17.35, 17.04, 17.26, 17.11, 17.15, 17.05, 17.22, 17.15, 17.22, 17.1, 17.37, 17.11, 17.3, 17.1, 17.7, 17.01, 17.29, 17.05, 17.35, 17.04, 17.18, 16.97, 17.19, 16.98, 17.14, 17.06, 17.17, 17.01, 17.08, 16.99, 17.57, 17.2, 16.9, 17.28, 17.0, 17.21, 16.93, 17.22, 16.88, 17.43, 16.99, 17.18, 16.88, 17.19, 16.89, 17.31, 17.63, 17.09, 17.06, 17.09, 16.86, 17.18, 17.11, 17.09, 17.14, 17.05, 16.93, 17.06, 16.95, 17.06, 17.0, 17.09
19.62, 17.59, 17.63, 17.51, 17.58, 17.57, 17.56, 17.56, 17.49, 17.56, 17.7, 0.0, 17.79, 17.67, 17.53, 17.64, 18.9, 16.93, 17.11, 16.98, 17.06, 16.9, 17.03, 16.93, 17.08, 16.97, 17.15, 17.03, 17.07, 16.95, 17.09, 17.03, 17.52, 16.72, 16.78, 16.81, 17.01, 16.65, 16.75, 16.73, 16.71, 16.88, 16.86, 16.77, 16.87, 16.82, 16.77, 16.83, 17.27, 17.15, 16.77, 17.06, 16.74, 17.1, 16.65, 17.1, 16.75, 17.14, 16.86, 17.07, 16.92, 17.11, 16.77, 17.09, 17.65, 16.94, 17.05, 16.9, 17.06, 16.89, 16.82, 16.9, 16.88, 16.98, 17.07, 16.95, 17.02, 16.95, 17.01, 16.92, 17.63, 16.93, 17.1, 16.91, 17.0, 16.85, 16.93, 16.81, 17.14, 16.86, 16.98, 16.87, 16.95, 16.83, 16.95, 16.89, 17.46, 16.92, 16.9, 17.04, 16.93, 16.97, 16.82, 17.04, 16.79, 17.2, 16.96, 17.01, 16.82, 16.96, 16.8, 17.06, 17.2, 16.92, 16.63, 16.96, 16.87, 16.96, 16.69, 16.96, 16.65, 16.97, 16.57, 16.92, 16.63, 16.95, 16.66, 16.93
19.66, 18.03, 17.89, 17.86, 17.8, 17.92, 17.91, 17.85, 17.71, 17.65, 17.95, 17.79, 0.0, 17.79, 17.85, 17.67, 18.82, 17.25, 16.99, 17.17, 16.91, 17.08, 16.95, 17.16, 17.0, 17.14, 17.01, 17.14, 16.93, 17.09, 16.94, 17.13, 17.42, 16.99, 16.82, 17.0, 16.83, 17.03, 16.82, 17.06, 16.83, 17.06, 16.89, 17.01, 16.91, 17.04, 16.87, 16.92, 17.56, 16.81, 17.07, 16.91, 17.06, 16.87, 17.09, 16.91, 17.02, 16.83, 17.01, 16.91, 17.1, 16.97, 17.11, 16.89, 17.63, 17.16, 16.9, 17.21, 16.96, 17.1, 16.85, 17.21, 16.84, 17.26, 17.04, 17.2, 16.96, 17.22, 16.92, 17.15, 17.44, 17.14, 16.83, 17.28, 16.94, 17.08, 16.65, 17.1, 16.79, 17.03, 16.72, 17.02, 16.76, 17.16, 16.74, 17.05, 17.53, 16.77, 16.89, 16.88, 16.9, 16.83, 16.88, 16.85, 16.87, 16.93, 16.92, 16.85, 16.84, 16.96, 16.88, 16.94, 17.79, 16.75, 17.17, 16.83, 16.99, 16.64, 17.16, 16.9, 17.1, 16.73, 17.1, 16.79, 17.09, 16.87, 17.02, 16.77
19.56, 17.65, 17.64, 17.56, 17.65, 17.66, 17.65, 17.56, 17.48, 17.42, 17.66, 17.67, 17.79, 0.0, 17.61, 17.7, 18.87, 17.02, 17.14, 17.02, 17.13, 16.97, 17.1, 17.02, 17.12, 17.07, 17.24, 17.06, 17.19, 17.09, 17.2, 17.06, 17.59, 16.74, 16.94, 16.89, 17.15, 16.76, 16.93, 16.8, 16.86, 16.98, 17.0, 16.84, 16.99, 16.79, 16.88, 16.89, 17.39, 17.18, 16.9, 17.06, 16.91, 17.15, 16.77, 17.14, 16.87, 17.17, 16.98, 17.13, 16.99, 17.16, 16.91, 17.1, 17.78, 16.92, 17.17, 16.88, 17.2, 16.91, 17.08, 16.89, 17.12, 17.02, 17.19, 17.02, 17.18, 17.0, 17.15, 16.96, 17.79, 16.95, 17.16, 16.88, 17.14, 16.91, 17.11, 16.87, 17.23, 16.95, 17.12, 17.02, 17.1, 16.91, 17.09, 16.96, 17.48, 16.99, 16.96, 17.09, 16.97, 17.04, 16.93, 17.03, 16.89, 17.25, 17.03, 17.0, 16.91, 17.07, 16.92, 17.11, 17.35, 16.98, 16.81, 16.95, 17.0, 16.99, 16.76, 16.92, 16.8, 16.95, 16.67, 17.03, 16.74, 16.94, 16.72, 17.0
19.93, 17.62, 17.65, 17.6, 17.63, 17.68, 17.6, 17.55, 17.5, 17.51, 17.79, 17.53, 17.85, 17.61, 0.0, 17.88, 18.78, 16.83, 17.07, 16.91, 17.1, 16.81, 17.02, 16.84, 17.06, 16.89, 17.16, 16.88, 17.05, 16.87, 17.09, 16.84, 17.51, 16.63, 16.87, 16.78, 16.89, 16.65, 16.79, 16.71, 16.8, 16.84, 16.93, 16.7, 16.98, 16.71, 16.87, 16.72, 17.35, 17.03, 16.85, 16.99, 16.82, 16.95, 16.68, 17.01, 16.78, 16.95, 16.84, 16.98, 16.76, 17.02, 16.79, 17.08, 17.63, 16.85, 16.97, 16.83, 16.96, 16.84, 16.88, 16.78, 16.87, 16.93, 17.04, 16.79, 17.0, 16.83, 16.94, 16.81, 17.57, 16.85, 17.0, 16.82, 17.13, 16.76, 16.82, 16.76, 17.01, 16.81, 16.84, 16.81, 16.84, 16.8, 16.83, 16.79, 17.23, 16.95, 16.71, 16.99, 16.75, 16.96, 16.68, 16.98, 16.62, 17.07, 16.77, 16.96, 16.67, 16.94, 16.63, 16.94, 17.41, 16.88, 16.86, 16.94, 16.61, 16.95, 16.83, 16.83, 16.87, 16.89, 16.79, 16.88, 16.83, 16.89, 16.82, 16.91
19.86, 17.69, 17.72, 17.52, 17.63, 17.69, 17.67, 17.56, 17.5, 17.57, 17.66, 17.64, 17.67, 17.7, 17.88, 0.0, 18.93, 16.95, 17.05, 16.98, 17.06, 16.86, 17.01, 16.93, 16.96, 16.97, 17.15, 16.97, 17.09, 16.93, 17.05, 16.92, 17.45, 16.73, 16.82, 16.82, 16.89, 16.68, 16.84, 16.77, 16.68, 16.9, 16.86, 16.69, 16.9, 16.71, 16.73, 16.66, 17.19, 16.99, 16.69, 16.98, 16.68, 16.88, 16.62, 17.02, 16.71, 17.06, 16.82, 17.01, 16.84, 16.95, 16.77, 17.09, 17.58, 16.86, 17.02, 16.8, 16.99, 16.83, 16.92, 16.8, 16.94, 16.93, 17.08, 16.88, 16.94, 16.86, 17.04, 16.88, 17.61, 16.84, 17.03, 16.81, 16.94, 16.86, 16.96, 16.8, 17.09, 16.83, 16.94, 16.87, 16.98, 16.83, 16.94, 16.86, 17.38, 16.98, 16.88, 17.14, 16.96, 17.04, 16.88, 17.04, 16.78, 17.14, 17.06, 16.96, 16.8, 17.03, 16.82, 17.06, 17.3, 16.99, 16.7, 17.01, 16.8, 17.05, 16.63, 16.92, 16.69, 16.96, 16.55, 16.99, 16.67, 16.99, 16.62, 16.94
20.5, 18.88, 18.98, 18.87, 18.89, 18.77, 18.85, 18.87, 18.84, 18.74, 19.09, 18.9, 18.82, 18.87, 18.78, 18.93, 0.0, 19.48, 18.74, 18.66, 18.76, 18.74, 18.62, 18.67, 18.58, 18.65, 18.53, 18.58, 18.58, 18.66, 18.67, 18.8, 18.37, 17.41, 17.2, 17.5, 17.4, 17.39, 17.12, 17.36, 17.18, 17.29, 17.16, 17.49, 17.19, 17.29, 17.13, 17.32, 17.64, 17.06, 17.34, 17.09, 17.28, 17.15, 17.26, 17.11, 17.37, 17.18, 17.38, 17.16, 17.65, 17.23, 17.46, 17.24, 18.44, 17.38, 17.79, 17.6, 17.73, 17.62, 17.62, 17.46, 17.8, 17.42, 17.83, 17.51, 17.62, 17.44, 17.66, 17.51, 17.87, 17.26, 17.08, 17.33, 17.37, 17.32, 17.17, 17.22, 17.16, 17.31, 17.12, 17.34, 17.11, 17.31, 17.2, 17.28, 17.8, 17.52, 17.37, 17.61, 17.33, 17.55, 17.37, 17.51, 17.28, 17.86, 17.33, 17.47, 17.33, 17.52, 17.25, 17.52, 17.88, 17.29, 17.18, 17.32, 17.06, 17.31, 17.17, 17.32, 17.26, 17.31, 17.14, 17.34, 17.13, 17.25, 17.13, 17.3
18.35, 17.1, 17.09, 17.16, 17.04, 16.99, 16.95, 17.07, 16.88, 16.97, 17.11, 16.93, 17.25, 17.02, 16.83, 16.95, 19.48, 0.0, 18.25, 18.11, 17.87, 17.96, 17.96, 17.88, 17.89, 17.82, 17.91, 17.75, 17.85, 17.92, 17.9, 17.95, 18.26, 17.16, 16.88, 17.11, 16.89, 17.03, 16.82, 17.17, 16.86, 17.13, 16.87, 17.13, 16.98, 17.1, 16.82, 17.2, 17.87, 16.88, 17.14, 16.86, 17.06, 16.83, 17.05, 16.83, 16.99, 16.87, 17.0, 16.78, 17.02, 16.9, 17.04, 16.89, 17.91, 16.95, 17.08, 16.93, 17.01, 16.83, 17.01, 16.84, 17.04, 16.9, 17.01, 16.99, 17.3, 16.85, 17.05, 16.92, 17.75, 17.03, 16.9, 17.05, 16.71, 17.01, 16.8, 17.01, 16.94, 17.03, 16.75, 17.07, 16.85, 17.07, 16.79, 16.99, 17.69, 17.39, 17.13, 17.31, 17.07, 17.26, 17.09, 17.3, 17.06, 17.18, 17.2, 17.3, 17.12, 17.34, 17.06, 17.37, 17.39, 16.67, 16.64, 16.8, 16.82, 16.82, 16.55, 16.72, 16.59, 16.76, 16.56, 16.79, 16.64, 16.81, 16.57, 16.77
18.29, 17.16, 17.26, 17.19, 17.18, 17.14, 17.14, 17.15, 17.02, 17.05, 17.29, 17.11, 16.99, 17.14, 17.07, 17.05, 18.74, 18.25, 0.0, 18.2, 18.06, 17.96, 17.95, 17.93, 17.93, 17.85, 17.85, 17.79, 17.84, 17.9, 17.97, 17.96, 18.18, 17.13, 16.91, 17.08, 17.14, 17.01, 16.87, 17.18, 16.91, 17.11, 17.02, 17.2, 16.99, 17.11, 16.92, 17.18, 17.6, 16.66, 16.99, 16.72, 16.94, 16.68, 16.87, 16.68, 16.87, 16.78, 16.94, 16.72, 17.27, 16.79, 16.88, 16.78, 18.02, 17.07, 17.29, 17.08, 17.29, 17.05, 17.21, 17.06, 17.29, 17.04, 17.33, 17.12, 17.1, 17.03, 17.26, 17.14, 17.58, 16.9, 16.76, 16.97, 16.91, 16.93, 16.68, 16.86, 16.82, 16.94, 16.71, 16.93, 16.78, 16.96, 16.67, 16.9, 17.42, 17.17, 16.92, 17.05, 16.86, 17.12, 16.87, 17.1, 16.84, 17.31, 16.91, 17.13, 16.87, 17.12, 16.9, 17.16, 17.52, 16.93, 16.82, 17.03, 16.84, 17.0, 16.79, 16.94, 16.91, 17.03, 16.74, 17.04, 16.84, 17.02, 16.81, 17.05
18.12, 17.06, 17.16, 17.14, 17.05, 17.06, 16.96, 17.16, 16.99, 17.0, 17.19, 16.98, 17.17, 17.02, 16.91, 16.98, 18.66, 18.11, 18.2, 0.0, 18.02, 18.11, 17.92, 17.96, 17.92, 17.9, 17.88, 17.84, 17.94, 18.03, 18.0, 18.01, 18.3, 17.3, 17.06, 17.25, 17.09, 17.17, 16.97, 17.33, 17.05, 17.35, 17.12, 17.34, 17.17, 17.34, 17.08, 17.4, 17.87, 16.96, 17.21, 16.95, 17.18, 16.94, 17.09, 16.89, 17.16, 17.05, 17.13, 16.96, 17.02, 16.99, 17.15, 17.02, 17.86, 16.97, 17.13, 17.02, 17.09, 16.93, 17.04, 16.88, 17.14, 16.93, 17.19, 16.99, 17.39, 16.9, 17.23, 16.96, 17.77, 17.09, 16.95, 17.17, 16.89, 17.17, 16.93, 17.1, 17.1, 17.19, 16.93, 17.14, 16.95, 17.12, 16.97, 17.11, 17.67, 17.52, 17.19, 17.27, 17.12, 17.34, 17.16, 17.36, 17.12, 17.18, 17.16, 17.37, 17.1, 17.4, 17.12, 17.39, 17.38, 16.89, 16.72, 16.91, 17.06, 16.98, 16.69, 16.87, 16.83, 16.96, 16.7, 17.0, 16.84, 16.98, 16.74, 16.92
18.46, 17.28, 17.37, 17.26, 17.15, 17.14, 17.21, 17.16, 17.04, 17.08, 17.27, 17.06, 16.91, 17.13, 17.1, 17.06, 18.76, 17.87, 18.06, 18.02, 0.0, 17.91, 18.11, 17.79, 17.86, 17.76, 17.84, 17.8, 17.83, 17.97, 17.94, 17.95, 18.19, 16.98, 16.86, 17.09, 17.27, 16.94, 16.84, 17.09, 16.81, 17.03, 16.89, 17.09, 16.95, 17.02, 16.79, 17.04, 17.7, 16.73, 16.98, 16.69, 16.92, 16.7, 16.9, 16.67, 16.86, 16.77, 16.88, 16.69, 17.2, 16.8, 16.94, 16.77, 18.04, 17.1, 17.26, 17.12, 17.21, 17.05, 17.24, 17.0, 17.25, 17.1, 17.3, 17.09, 17.19, 17.04, 17.25, 17.06, 17.61, 17.0, 16.81, 16.99, 16.99, 17.03, 16.72, 16.91, 16.91, 16.93, 16.75, 16.95, 16.82, 16.98, 16.73, 16.95, 17.44, 17.32, 16.98, 17.12, 16.97, 17.16, 16.9, 17.13, 16.88, 17.31, 16.94, 17.15, 16.92, 17.15, 16.91, 17.21, 17.65, 17.02, 16.85, 16.98, 16.81, 17.01, 16.84, 16.95, 16.9, 17.11, 16.83, 17.07, 16.93, 17.05, 16.9, 17.04
18.13, 17.0, 17.09, 17.14, 17.0, 16.93, 16.93, 17.07, 16.88, 16.89, 17.03, 16.9, 17.08, 16.97, 16.81, 16.86, 18.74, 17.96, 17.96, 18.11, 17.91, 0.0, 17.97, 18.03, 17.8, 17.77, 17.67, 17.76, 17.78, 18.01, 17.89, 17.89, 18.25, 17.15, 16.92, 17.16, 16.96, 17.09, 16.92, 17.2, 16.88, 17.15, 16.97, 17.13, 17.02, 17.18, 16.91, 17.22, 17.8, 16.84, 17.11, 16.9, 17.04, 16.85, 17.0, 16.82, 16.97, 16.86, 17.01, 16.84, 16.92, 16.87, 17.04, 16.89, 17.77, 16.86, 17.12, 16.89, 17.06, 16.84, 17.04, 16.86, 17.0, 16.89, 17.12, 16.97, 17.36, 16.84, 17.06, 16.93, 17.68, 17.03, 16.85, 17.04, 16.73, 17.08, 16.78, 17.0, 16.9, 17.05, 16.78, 17.03, 16.85, 17.04, 16.85, 16.97, 17.59, 17.4, 17.07, 17.33, 17.02, 17.3, 17.08, 17.27, 17.06, 17.16, 17.16, 17.29, 17.14, 17.28, 17.09, 17.39, 17.24, 16.74, 16.64, 16.82, 16.89, 16.78, 16.46, 16.68, 16.61, 16.79, 16.5, 16.75, 16.69, 16.83, 16.62, 16.72
18.38, 17.15, 17.31, 17.22, 17.11, 17.03, 17.14, 17.11, 16.98, 17.06, 17.3, 17.03, 16.95, 17.1, 17.02, 17.01, 18.62, 17.96, 17.95, 17.92, 18.11, 17.97, 0.0, 18.03, 18.0, 17.76, 17.82, 17.81, 17.79, 17.92, 17.92, 17.92, 18.06, 17.01, 16.85, 17.02, 17.16, 16.96, 16.81, 17.12, 16.83, 17.01, 16.87, 17.04, 16.85, 17.02, 16.82, 17.02, 17.55, 16.65, 16.99, 16.69, 16.87, 16.64, 16.87, 16.64, 16.77, 16.69, 16.88, 16.69, 17.26, 16.75, 16.86, 16.69, 17.99, 17.09, 17.25, 17.11, 17.27, 17.04, 17.28, 17.05, 17.21, 17.02, 17.36, 17.09, 17.08, 17.06, 17.25, 17.08, 17.52, 16.95, 16.73, 16.95, 16.97, 16.95, 16.68, 16.87, 16.82, 16.92, 16.71, 16.95, 16.77, 16.94, 16.65, 16.88, 17.44, 17.16, 16.92, 17.06, 16.85, 17.04, 16.85, 17.07, 16.78, 17.23, 16.9, 17.04, 16.81, 17.05, 16.8, 17.06, 17.52, 16.98, 16.87, 17.02, 16.81, 17.0, 16.7, 17.01, 16.85, 17.01, 16.76, 17.02, 16.84, 17.05, 16.84, 16.95
18.15, 17.03, 17.09, 17.14, 17.0, 16.95, 17.0, 17.05, 16.88, 16.9, 17.13, 16.93, 17.16, 17.02, 16.84, 16.93, 18.67, 17.88, 17.93, 17.96, 17.79, 18.03, 18.03, 0.0, 18.04, 17.93, 17.79, 17.76, 17.82, 17.98, 17.87, 17.95, 18.31, 17.25, 17.02, 17.26, 17.07, 17.16, 17.01, 17.27, 17.0, 17.2, 17.03, 17.2, 17.09, 17.22, 16.97, 17.29, 17.84, 16.92, 17.21, 16.92, 17.12, 16.92, 17.05, 16.9, 17.08, 16.94, 17.1, 16.94, 17.04, 16.97, 17.16, 16.95, 17.77, 16.87, 17.03, 16.9, 17.03, 16.84, 17.07, 16.84, 17.05, 16.88, 17.07, 16.93, 17.32, 16.89, 17.06, 16.95, 17.74, 17.07, 16.91, 17.1, 16.8, 17.12, 16.85, 17.06, 17.07, 17.07, 16.85, 17.14, 16.93, 17.07, 16.86, 17.1, 17.68, 17.42, 17.19, 17.26, 17.1, 17.28, 17.13, 17.35, 17.0, 17.11, 17.17, 17.31, 17.13, 17.28, 17.09, 17.33, 17.39, 16.88, 16.77, 16.94, 17.04, 16.92, 16.72, 16.89, 16.78, 16.89, 16.71, 16.94, 16.84, 16.93, 16.75, 16.85
18.31, 17.19, 17.3, 17.3, 17.22, 17.12, 17.16, 17.21, 17.04, 17.11, 17.23, 17.08, 17.0, 17.12, 17.06, 16.96, 18.58, 17.89, 17.93, 17.92, 17.86, 17.8, 18.0, 18.04, 0.0, 18.04, 18.15, 17.75, 17.85, 17.96, 17.99, 18.04, 18.13, 17.02, 16.88, 17.06, 17.15, 16.98, 16.83, 17.05, 16.79, 17.0, 16.87, 17.06, 16.9, 17.02, 16.76, 17.08, 17.59, 16.62, 16.9, 16.62, 16.82, 16.65, 16.73, 16.54, 16.76, 16.66, 16.8, 16.61, 17.15, 16.66, 16.77, 16.69, 17.99, 17.0, 17.14, 17.01, 17.18, 17.0, 17.08, 16.97, 17.15, 16.96, 17.25, 17.0, 17.04, 16.98, 17.16, 16.95, 17.47, 16.89, 16.69, 16.87, 16.87, 16.92, 16.64, 16.84, 16.82, 16.91, 16.65, 16.9, 16.73, 16.87, 16.63, 16.86, 17.41, 17.19, 16.9, 17.02, 16.79, 17.05, 16.84, 17.04, 16.73, 17.25, 16.83, 17.06, 16.8, 17.08, 16.76, 17.06, 17.44, 16.93, 16.78, 17.04, 16.68, 17.09, 16.83, 17.0, 16.85, 17.03, 16.81, 16.97, 16.97, 17.03, 16.85, 17.07
17.98, 17.09, 17.12, 17.22, 17.06, 16.98, 17.04, 17.08, 16.91, 16.95, 17.16, 16.97, 17.14, 17.07, 16.89, 16.97, 18.65, 17.82, 17.85, 17.9, 17.76, 17.77, 17.76, 17.93, 18.04, 0.0, 17.92, 17.84, 17.7, 17.89, 17.85, 17.89, 18.24, 17.22, 17.02, 17.28, 16.95, 17.09, 16.96, 17.27, 16.99, 17.18, 16.98, 17.31, 17.13, 17.2, 16.95, 17.27, 17.83, 16.95, 17.23, 16.98, 17.11, 16.92, 17.03, 16.84, 17.04, 16.99, 17.14, 16.91, 17.05, 16.92, 17.14, 16.94, 17.76, 16.8, 16.98, 16.87, 17.02, 16.77, 16.94, 16.84, 17.02, 16.84, 17.08, 16.9, 17.31, 16.83, 17.01, 16.81, 17.71, 17.17, 16.94, 17.17, 16.8, 17.08, 16.88, 17.04, 17.01, 17.13, 16.87, 17.1, 16.94, 17.11, 16.87, 17.05, 17.55, 17.42, 17.1, 17.26, 17.07, 17.24, 17.05, 17.29, 17.01, 17.07, 17.12, 17.26, 17.06, 17.24, 17.13, 17.28, 17.39, 16.79, 16.67, 16.84, 16.96, 16.79, 16.57, 16.74, 16.7, 16.85, 16.59, 16.84, 16.77, 16.88, 16.67, 16.82
18.29, 17.31, 17.47, 17.37, 17.32, 17.25, 17.34, 17.4, 17.2, 17.17, 17.46, 17.15, 17.01, 17.24, 17.16, 17.15, 18.53, 17.91, 17.85, 17.88, 17.84, 17.67, 17.82, 17.79, 18.15, 17.92, 0.0, 17.9, 18.19, 18.03, 18.12, 18.09, 18.23, 17.09, 16.89, 17.11, 17.32, 17.05, 16.9, 17.15, 16.83, 17.06, 16.92, 17.12, 16.94, 17.1, 16.85, 17.16, 17.75, 16.74, 17.04, 16.76, 16.96, 16.69, 16.95, 16.67, 16.91, 16.81, 16.98, 16.76, 17.37, 16.79, 16.98, 16.78, 18.09, 17.16, 17.36, 17.2, 17.36, 17.15, 17.39, 17.08, 17.41, 17.16, 17.39, 17.22, 17.26, 17.15, 17.4, 17.21, 17.7, 16.98, 16.78, 16.99, 17.02, 16.97, 16.81, 16.97, 16.91, 17.02, 16.81, 17.0, 16.83, 16.96, 16.76, 17.05, 17.49, 17.37, 17.16, 17.26, 17.02, 17.22, 17.05, 17.24, 17.01, 17.49, 17.06, 17.2, 17.03, 17.28, 17.0, 17.28, 17.7, 17.07, 16.98, 17.14, 16.99, 17.05, 16.86, 16.97, 17.01, 17.11, 16.85, 17.17, 17.01, 17.16, 16.94, 17.05
18.12, 17.17, 17.21, 17.2, 17.05, 17.01, 17.02, 17.13, 16.92, 17.0, 17.14, 17.03, 17.14, 17.06, 16.88, 16.97, 18.58, 17.75, 17.79, 17.84, 17.8, 17.76, 17.81, 17.76, 17.75, 17.84, 17.9, 0.0, 17.91, 18.03, 17.91, 17.95, 18.39, 17.16, 16.93, 17.24, 17.01, 17.21, 16.93, 17.28, 16.96, 17.12, 16.99, 17.23, 17.04, 17.17, 16.92, 17.24, 17.81, 16.88, 17.13, 16.88, 17.08, 16.89, 17.0, 16.8, 17.03, 16.88, 17.03, 16.86, 16.96, 16.87, 17.07, 16.88, 17.83, 16.92, 17.03, 16.92, 17.03, 16.81, 16.98, 16.88, 17.02, 16.89, 17.04, 16.92, 17.34, 16.85, 17.1, 16.88, 17.79, 17.09, 16.98, 17.08, 16.8, 17.12, 16.83, 17.02, 17.01, 17.08, 16.81, 17.14, 16.87, 17.05, 16.84, 17.04, 17.58, 17.44, 17.18, 17.29, 17.12, 17.3, 17.14, 17.38, 17.12, 17.1, 17.14, 17.3, 17.16, 17.32, 17.12, 17.36, 17.36, 16.77, 16.64, 16.85, 16.92, 16.81, 16.57, 16.73, 16.65, 16.82, 16.51, 16.79, 16.73, 16.82, 16.66, 16.72
18.36, 17.27, 17.32, 17.23, 17.13, 17.08, 17.13, 17.15, 17.06, 17.06, 17.32, 17.07, 16.93, 17.19, 17.05, 17.09, 18.58, 17.85, 17.84, 17.94, 17.83, 17.78, 17.79, 17.82, 17.85, 17.7, 18.19, 17.91, 0.0, 18.0, 18.1, 17.82, 18.08, 17.11, 16.82, 17.07, 17.25, 17.06, 16.87, 17.11, 16.81, 17.06, 16.86, 17.14, 16.95, 17.07, 16.83, 17.08, 17.68, 16.65, 16.97, 16.73, 16.88, 16.66, 16.83, 16.63, 16.83, 16.72, 16.91, 16.72, 17.29, 16.72, 16.87, 16.7, 18.08, 17.08, 17.27, 17.1, 17.36, 17.04, 17.26, 17.06, 17.32, 17.11, 17.29, 17.16, 17.21, 17.09, 17.28, 17.14, 17.64, 16.95, 16.74, 16.94, 17.07, 16.94, 16.72, 16.94, 16.84, 16.96, 16.64, 16.95, 16.76, 16.93, 16.73, 16.9, 17.46, 17.26, 17.02, 17.13, 16.88, 17.12, 16.85, 17.12, 16.93, 17.39, 16.92, 17.07, 16.96, 17.11, 16.9, 17.17, 17.59, 17.01, 16.85, 17.03, 16.84, 17.09, 16.8, 17.03, 16.88, 17.06, 16.74, 17.04, 16.94, 17.04, 16.81, 17.01
18.06, 17.13, 17.05, 17.05, 17.04, 16.88, 16.9, 17.12, 16.9, 16.9, 17.07, 16.95, 17.09, 17.09, 16.87, 16.93, 18.66, 17.92, 17.9, 18.03, 17.97, 18.01, 17.92, 17.98, 17.96, 17.89, 18.03, 18.03, 18.0, 0.0, 17.81, 17.93, 18.67, 17.22, 17.4, 17.22, 17.5, 17.18, 17.37, 17.22, 17.45, 17.12, 17.33, 17.31, 17.38, 17.14, 17.35, 17.1, 17.59, 17.13, 16.92, 17.1, 16.93, 17.17, 16.82, 17.1, 16.88, 17.09, 16.91, 17.21, 16.82, 17.04, 16.9, 17.14, 17.55, 17.16, 16.94, 17.15, 17.03, 17.18, 16.89, 17.12, 16.91, 17.06, 16.89, 17.24, 17.25, 17.08, 16.96, 17.07, 17.82, 16.96, 17.02, 16.99, 16.93, 16.87, 16.96, 16.9, 17.18, 16.91, 16.93, 16.93, 17.0, 16.85, 17.01, 16.84, 17.86, 17.14, 17.28, 17.1, 17.33, 17.09, 17.28, 17.16, 17.23, 16.92, 17.29, 17.09, 17.27, 17.12, 17.29, 17.1, 17.48, 16.63, 16.81, 16.67, 17.2, 16.79, 16.73, 16.56, 16.82, 16.64, 16.76, 16.69, 16.81, 16.63, 16.85, 16.6
18.15, 17.22, 17.35, 17.27, 17.2, 17.14, 17.2, 17.19, 17.05, 17.05, 17.39, 17.09, 16.94, 17.2, 17.09, 17.05, 18.67, 17.9, 17.97, 18.0, 17.94, 17.89, 17.92, 17.87, 17.99, 17.85, 18.12, 17.91, 18.1, 17.81, 0.0, 18.07, 18.2, 16.94, 16.74, 17.0, 17.19, 16.9, 16.78, 17.02, 16.74, 17.01, 16.76, 17.09, 16.86, 17.02, 16.7, 17.02, 17.59, 16.69, 16.99, 16.73, 16.95, 16.68, 16.86, 16.7, 16.85, 16.73, 16.89, 16.72, 17.24, 16.71, 16.86, 16.71, 18.04, 16.96, 17.23, 17.02, 17.28, 17.03, 17.19, 16.96, 17.21, 17.0, 17.24, 17.12, 17.03, 17.0, 17.21, 17.08, 17.52, 16.89, 16.66, 16.94, 16.9, 16.82, 16.64, 16.87, 16.81, 16.89, 16.57, 16.88, 16.66, 16.8, 16.61, 16.81, 17.4, 17.12, 16.97, 17.01, 16.83, 17.04, 16.86, 17.08, 16.75, 17.3, 16.9, 17.07, 16.85, 17.07, 16.86, 17.1, 17.51, 16.92, 16.79, 16.97, 16.61, 16.89, 16.68, 16.83, 16.76, 17.02, 16.65, 16.99, 16.78, 16.94, 16.76, 16.95
18.13, 17.04, 17.13, 17.22, 17.05, 16.94, 17.04, 17.12, 16.88, 16.9, 17.17, 17.03, 17.13, 17.06, 16.84, 16.92, 18.8, 17.95, 17.96, 18.01, 17.95, 17.89, 17.92, 17.95, 18.04, 17.89, 18.09, 17.95, 17.82, 17.93, 18.07, 0.0, 18.57, 17.22, 16.98, 17.23, 17.0, 17.14, 16.98, 17.25, 16.97, 17.16, 16.99, 17.26, 17.04, 17.16, 16.9, 17.23, 17.79, 16.89, 17.17, 16.89, 17.12, 16.93, 17.06, 16.82, 17.05, 16.94, 17.1, 16.92, 16.96, 17.03, 17.03, 16.91, 17.83, 16.86, 17.01, 16.84, 16.99, 16.82, 16.95, 16.75, 17.01, 16.81, 17.02, 16.89, 17.3, 16.82, 17.05, 16.79, 17.73, 16.99, 16.84, 17.03, 16.81, 17.04, 16.83, 16.97, 17.0, 17.04, 16.77, 17.1, 16.83, 17.0, 16.74, 16.98, 17.56, 17.34, 17.06, 17.27, 17.04, 17.25, 17.1, 17.27, 17.04, 17.05, 17.08, 17.23, 17.07, 17.3, 17.05, 17.33, 17.3, 16.76, 16.63, 16.81, 16.9, 16.74, 16.46, 16.68, 16.6, 16.81, 16.53, 16.8, 16.63, 16.72, 16.62, 16.68
18.69, 17.53, 17.56, 17.48, 17.53, 17.46, 17.52, 17.47, 17.5, 17.51, 17.7, 17.52, 17.42, 17.59, 17.51, 17.45, 18.37, 18.26, 18.18, 18.3, 18.19, 18.25, 18.06, 18.31, 18.13, 18.24, 18.23, 18.39, 18.08, 18.67, 18.2, 18.57, 0.0, 19.63, 18.77, 18.7, 18.77, 18.73, 18.81, 18.78, 18.82, 18.69, 18.63, 18.67, 18.6, 18.65, 18.5, 18.69, 18.35, 17.31, 17.24, 17.35, 17.27, 17.46, 17.23, 17.51, 17.2, 17.39, 17.29, 17.43, 17.25, 17.61, 17.34, 17.5, 17.8, 17.0, 17.2, 17.03, 17.18, 16.94, 17.15, 16.98, 17.19, 16.98, 17.23, 16.99, 17.5, 16.96, 17.18, 16.96, 17.77, 17.32, 17.1, 17.32, 17.33, 17.33, 17.09, 17.15, 17.1, 17.28, 16.97, 17.2, 17.09, 17.33, 17.2, 17.33, 17.69, 17.14, 17.16, 17.14, 17.06, 17.14, 17.18, 17.23, 17.1, 17.32, 17.12, 17.18, 17.13, 17.05, 17.08, 17.09, 18.31, 17.33, 17.64, 17.45, 17.48, 17.33, 17.66, 17.35, 17.68, 17.41, 17.6, 17.34, 17.71, 17.46, 17.6, 17.36
18.01, 16.86, 17.02, 16.95, 16.86, 16.75, 16.76, 16.83, 16.76, 16.8, 16.84, 16.72, 16.99, 16.74, 16.63, 16.73, 17.41, 17.16, 17.13, 17.3, 16.98, 17.15, 17.01, 17.25, 17.02, 17.22, 17.09, 17.16, 17.11, 17.22, 16.94, 17.22, 19.63, 0.0, 18.13, 18.01, 17.85, 17.8, 17.81, 17.84, 17.82, 17.71, 17.67, 17.75, 17.68, 17.73, 17.69, 17.86, 17.91, 17.04, 16.78, 17.02, 16.86, 17.03, 16.82, 17.19, 16.91, 17.1, 16.92, 17.16, 17.07, 17.1, 16.82, 17.08, 17.8, 16.82, 17.05, 16.87, 17.0, 16.8, 17.04, 16.88, 16.98, 16.9, 17.11, 16.95, 16.94, 16.89, 17.09, 16.89, 17.57, 17.2, 16.97, 17.16, 16.94, 17.03, 16.88, 17.07, 16.97, 17.07, 16.88, 17.04, 16.9, 17.11, 16.9, 17.08, 17.53, 16.88, 16.86, 16.92, 16.87, 16.82, 16.88, 16.88, 16.81, 16.76, 16.92, 16.95, 16.91, 16.88, 16.81, 16.92, 17.63, 16.68, 16.91, 16.74, 17.18, 16.72, 16.9, 16.69, 16.95, 16.76, 16.87, 16.71, 16.91, 16.76, 16.99, 16.76
18.25, 17.08, 17.06, 16.97, 16.99, 16.89, 16.91, 16.9, 16.94, 16.94, 17.16, 16.78, 16.82, 16.94, 16.87, 16.82, 17.2, 16.88, 16.91, 17.06, 16.86, 16.92, 16.85, 17.02, 16.88, 17.02, 16.89, 16.93, 16.82, 17.4, 16.74, 16.98, 18.77, 18.13, 0.0, 18.05, 17.93, 17.82, 17.78, 17.81, 17.84, 17.76, 17.74, 17.72, 17.72, 17.77, 17.83, 17.88, 18.2, 17.19, 16.92, 17.2, 17.02, 17.26, 17.02, 17.31, 17.05, 17.27, 17.12, 17.39, 16.88, 17.28, 17.03, 17.26, 17.61, 16.7, 16.95, 16.66, 16.89, 16.63, 16.86, 16.64, 16.85, 16.76, 17.01, 16.71, 17.2, 16.7, 16.89, 16.74, 17.47, 17.08, 16.93, 17.07, 17.21, 17.1, 16.87, 16.97, 16.94, 17.02, 16.85, 17.06, 16.95, 17.02, 16.91, 17.06, 17.52, 16.81, 16.77, 16.75, 16.78, 16.73, 16.75, 16.8, 16.77, 17.0, 16.78, 16.78, 16.75, 16.79, 16.76, 16.79, 17.86, 16.94, 17.07, 16.93, 16.96, 16.88, 17.07, 16.84, 17.16, 16.92, 17.06, 16.92, 17.17, 16.95, 17.17, 16.9
18.18, 16.94, 17.01, 16.89, 16.85, 16.77, 16.81, 16.93, 16.79, 16.85, 16.99, 16.81, 17.0, 16.89, 16.78, 16.82, 17.5, 17.11, 17.08, 17.25, 17.09, 17.16, 17.02, 17.26, 17.06, 17.28, 17.11, 17.24, 17.07, 17.22, 17.0, 17.23, 18.7, 18.01, 18.05, 0.0, 18.0, 18.0, 17.72, 17.8, 17.9, 17.79, 17.76, 17.83, 17.81, 17.74, 17.84, 17.85, 18.01, 17.17, 16.93, 17.17, 16.99, 17.14, 16.96, 17.23, 17.01, 17.17, 17.05, 17.26, 17.19, 17.16, 16.98, 17.14, 17.95, 17.04, 17.29, 17.0, 17.24, 16.99, 17.15, 17.01, 17.19, 17.08, 17.25, 17.09, 17.18, 17.06, 17.25, 16.98, 17.69, 17.42, 17.19, 17.36, 17.13, 17.36, 17.06, 17.24, 17.17, 17.34, 17.1, 17.36, 17.13, 17.32, 17.17, 17.33, 17.67, 16.99, 16.92, 16.96, 16.99, 16.94, 16.97, 17.0, 16.96, 16.96, 16.97, 17.02, 17.03, 17.0, 16.95, 16.97, 17.66, 16.82, 17.06, 16.9, 17.24, 16.84, 16.91, 16.82, 17.07, 16.84, 16.89, 16.87, 17.04, 16.83, 17.07, 16.83
18.29, 17.13, 17.03, 17.09, 16.93, 16.97, 16.87, 17.06, 16.76, 17.04, 17.14, 17.01, 16.83, 17.15, 16.89, 16.89, 17.4, 16.89, 17.14, 17.09, 17.27, 16.96, 17.16, 17.07, 17.15, 16.95, 17.32, 17.01, 17.25, 17.5, 17.19, 17.0, 18.77, 17.85, 17.93, 18.0, 0.0, 17.8, 18.04, 17.75, 17.96, 17.75, 17.82, 17.86, 17.81, 17.78, 17.82, 17.85, 18.61, 17.09, 17.15, 16.94, 17.23, 17.01, 17.08, 17.08, 17.2, 16.94, 17.24, 17.0, 16.98, 17.06, 17.24, 16.96, 17.42, 17.02, 16.75, 16.93, 16.77, 16.94, 16.71, 16.94, 16.72, 16.95, 16.79, 16.97, 16.97, 16.92, 16.74, 16.96, 17.72, 16.85, 16.95, 16.91, 17.41, 16.83, 16.94, 16.7, 17.04, 16.76, 16.94, 16.75, 16.95, 16.77, 16.98, 16.74, 17.49, 16.77, 16.76, 16.76, 16.72, 16.7, 16.7, 16.73, 16.68, 16.94, 16.72, 16.72, 16.71, 16.72, 16.71, 16.64, 17.68, 17.18, 16.98, 17.17, 16.96, 17.25, 17.0, 17.2, 17.09, 17.12, 16.92, 17.24, 17.01, 17.24, 17.03, 17.23
18.03, 16.83, 16.92, 16.91, 16.82, 16.75, 16.7, 16.82, 16.7, 16.72, 16.92, 16.65, 17.03, 16.76, 16.65, 16.68, 17.39, 17.03, 17.01, 17.17, 16.94, 17.09, 16.96, 17.16, 16.98, 17.09, 17.05, 17.21, 17.06, 17.18, 16.9, 17.14, 18.73, 17.8, 17.82, 18.0, 17.8, 0.0, 17.85, 17.86, 17.79, 17.7, 17.76, 17.72, 17.7, 17.72, 17.81, 17.83, 17.93, 17.03, 16.7, 16.96, 16.84, 16.97, 16.76, 17.03, 16.78, 17.0, 16.83, 17.04, 17.03, 16.95, 16.82, 16.96, 17.8, 16.79, 17.05, 16.82, 17.01, 16.82, 16.99, 16.87, 16.95, 16.87, 17.05, 16.83, 17.01, 16.84, 17.03, 16.85, 17.53, 17.21, 16.93, 17.16, 16.98, 17.09, 16.87, 17.1, 16.94, 17.14, 16.91, 17.12, 16.89, 17.08, 16.91, 17.06, 17.6, 16.88, 16.87, 16.85, 16.86, 16.83, 16.85, 16.83, 16.76, 16.73, 16.84, 16.89, 16.88, 16.84, 16.84, 16.91, 17.62, 16.68, 16.85, 16.7, 17.23, 16.63, 16.89, 16.63, 16.92, 16.68, 16.83, 16.65, 16.9, 16.71, 16.88, 16.75
18.33, 17.01, 17.07, 16.97, 16.93, 16.87, 16.89, 16.89, 16.87, 16.87, 17.09, 16.75, 16.82, 16.93, 16.79, 16.84, 17.12, 16.82, 16.87, 16.97, 16.84, 16.92, 16.81, 17.01, 16.83, 16.96, 16.9, 16.93, 16.87, 17.37, 16.78, 16.98, 18.81, 17.81, 17.78, 17.72, 18.04, 17.85, 0.0, 17.99, 18.0, 17.74, 17.77, 17.81, 17.79, 17.81, 17.78, 17.91, 18.21, 17.42, 17.14, 17.27, 17.2, 17.34, 17.06, 17.34, 17.19, 17.37, 17.13, 17.41, 16.91, 17.4, 17.13, 17.32, 17.56, 16.71, 16.93, 16.64, 16.96, 16.7, 16.88, 16.63, 16.86, 16.8, 16.93, 16.7, 17.11, 16.76, 16.91, 16.66, 17.47, 17.15, 16.92, 17.07, 17.23, 17.01, 16.87, 16.99, 16.86, 17.03, 16.82, 17.03, 16.83, 16.95, 16.86, 16.9, 17.49, 16.86, 16.81, 16.82, 16.78, 16.73, 16.76, 16.82, 16.75, 17.01, 16.78, 16.77, 16.86, 16.83, 16.73, 16.84, 17.82, 16.96, 17.07, 16.96, 17.02, 16.93, 17.01, 16.81, 17.12, 16.86, 17.0, 16.92, 17.11, 16.89, 17.15, 16.94
18.1, 16.94, 17.02, 16.99, 16.88, 16.77, 16.78, 16.92, 16.82, 16.8, 16.99, 16.73, 17.06, 16.8, 16.71, 16.77, 17.36, 17.17, 17.18, 17.33, 17.09, 17.2, 17.12, 17.27, 17.05, 17.27, 17.15, 17.28, 17.11, 17.22, 17.02, 17.25, 18.78, 17.84, 17.81, 17.8, 17.75, 17.86, 17.99, 0.0, 17.98, 17.87, 17.85, 17.72, 17.75, 17.8, 17.77, 17.85, 17.99, 17.14, 16.84, 17.06, 16.88, 17.12, 16.89, 17.08, 16.95, 17.12, 16.99, 17.16, 17.07, 17.08, 16.92, 17.1, 17.76, 16.93, 17.17, 17.01, 17.12, 16.97, 17.1, 16.99, 17.06, 17.02, 17.27, 16.98, 16.98, 17.03, 17.12, 16.95, 17.52, 17.33, 17.04, 17.27, 17.12, 17.16, 17.01, 17.14, 17.05, 17.21, 16.98, 17.19, 17.0, 17.13, 17.03, 17.19, 17.56, 16.94, 16.93, 17.01, 16.95, 16.89, 16.97, 16.97, 16.85, 16.88, 16.92, 16.95, 16.93, 16.97, 16.9, 16.94, 17.66, 16.78, 16.99, 16.74, 17.23, 16.72, 16.94, 16.75, 17.03, 16.73, 16.92, 16.8, 16.93, 16.78, 16.94, 16.71
18.18, 16.99, 17.06, 16.94, 16.91, 16.84, 16.9, 16.89, 16.88, 16.81, 17.07, 16.71, 16.83, 16.86, 16.8, 16.68, 17.18, 16.86, 16.91, 17.05, 16.81, 16.88, 16.83, 17.0, 16.79, 16.99, 16.83, 16.96, 16.81, 17.45, 16.74, 16.97, 18.82, 17.82, 17.84, 17.9, 17.96, 17.79, 18.0, 17.98, 0.0, 17.99, 17.97, 17.8, 17.87, 17.85, 17.85, 17.92, 18.13, 17.19, 16.98, 17.21, 17.01, 17.2, 16.91, 17.2, 16.99, 17.24, 17.03, 17.21, 16.81, 17.21, 16.97, 17.15, 17.49, 16.64, 16.88, 16.65, 16.81, 16.65, 16.79, 16.6, 16.79, 16.61, 16.94, 16.68, 17.13, 16.71, 16.78, 16.6, 17.37, 17.03, 16.77, 16.97, 17.17, 16.86, 16.75, 16.88, 16.86, 16.92, 16.66, 16.9, 16.72, 16.91, 16.71, 16.86, 17.42, 16.83, 16.78, 16.79, 16.78, 16.72, 16.74, 16.75, 16.72, 17.03, 16.81, 16.83, 16.74, 16.84, 16.77, 16.78, 17.92, 16.93, 17.04, 16.93, 16.94, 16.87, 17.05, 16.87, 17.15, 16.89, 16.99, 16.85, 17.11, 16.88, 17.1, 16.95
17.96, 17.1, 17.09, 17.05, 16.95, 16.92, 16.85, 16.95, 16.82, 16.79, 17.03, 16.88, 17.06, 16.98, 16.84, 16.9, 17.29, 17.13, 17.11, 17.35, 17.03, 17.15, 17.01, 17.2, 17.0, 17.18, 17.06, 17.12, 17.06, 17.12, 17.01, 17.16, 18.69, 17.71, 17.76, 17.79, 17.75, 17.7, 17.74, 17.87, 17.99, 0.0, 17.83, 17.88, 17.67, 17.69, 17.73, 17.8, 18.08, 17.05, 16.74, 16.98, 16.82, 17.03, 16.7, 17.07, 16.84, 16.98, 16.85, 17.12, 16.99, 17.0, 16.81, 16.95, 17.82, 16.93, 17.1, 16.89, 17.11, 16.89, 17.04, 16.94, 17.04, 16.92, 17.18, 17.01, 16.94, 16.95, 17.14, 16.88, 17.58, 17.29, 16.98, 17.19, 16.91, 17.14, 16.91, 17.07, 16.93, 17.13, 16.92, 17.08, 16.94, 17.14, 16.91, 17.1, 17.57, 16.85, 16.9, 16.93, 16.94, 16.89, 16.86, 16.91, 16.88, 16.78, 16.94, 16.92, 16.92, 16.87, 16.81, 16.98, 17.65, 16.68, 16.83, 16.73, 17.1, 16.64, 16.84, 16.6, 16.8, 16.7, 16.79, 16.64, 16.91, 16.68, 16.85, 16.71
18.16, 17.07, 17.13, 17.1, 16.98, 16.94, 16.98, 16.95, 16.93, 16.91, 17.15, 16.86, 16.89, 17.0, 16.93, 16.86, 17.16, 16.87, 17.02, 17.12, 16.89, 16.97, 16.87, 17.03, 16.87, 16.98, 16.92, 16.99, 16.86, 17.33, 16.76, 16.99, 18.63, 17.67, 17.74, 17.76, 17.82, 17.76, 17.77, 17.85, 17.97, 17.83, 0.0, 17.89, 18.19, 17.81, 17.98, 17.91, 18.41, 17.47, 17.1, 17.33, 17.22, 17.33, 17.13, 17.39, 17.13, 17.37, 17.21, 17.41, 16.99, 17.39, 17.24, 17.37, 17.7, 16.84, 17.03, 16.84, 17.03, 16.84, 17.0, 16.89, 16.97, 16.9, 17.04, 16.87, 17.3, 16.82, 17.0, 16.91, 17.46, 17.22, 16.97, 17.17, 17.39, 17.08, 16.94, 17.03, 16.98, 17.1, 16.87, 17.08, 16.9, 17.07, 16.92, 17.1, 17.58, 16.89, 16.88, 16.93, 16.89, 16.87, 16.86, 16.91, 16.92, 17.11, 16.89, 16.87, 16.93, 16.85, 16.86, 16.92, 17.95, 17.02, 17.24, 17.04, 17.16, 17.01, 17.23, 17.04, 17.33, 17.0, 17.23, 17.05, 17.31, 17.08, 17.26, 17.05
18.0, 16.97, 17.01, 17.02, 16.85, 16.72, 16.73, 16.91, 16.74, 16.79, 16.96, 16.77, 17.01, 16.84, 16.7, 16.69, 17.49, 17.13, 17.2, 17.34, 17.09, 17.13, 17.04, 17.2, 17.06, 17.31, 17.12, 17.23, 17.14, 17.31, 17.09, 17.26, 18.67, 17.75, 17.72, 17.83, 17.86, 17.72, 17.81, 17.72, 17.8, 17.88, 17.89, 0.0, 17.83, 17.92, 17.84, 17.88, 18.13, 17.06, 16.89, 17.09, 16.84, 17.15, 16.84, 17.13, 16.95, 17.13, 16.96, 17.1, 17.08, 17.13, 16.96, 17.07, 17.88, 16.94, 17.1, 16.88, 17.11, 16.88, 17.06, 16.93, 17.07, 16.94, 17.23, 16.96, 16.94, 16.95, 17.11, 16.88, 17.71, 17.28, 17.07, 17.26, 17.09, 17.17, 16.97, 17.18, 17.06, 17.19, 16.94, 17.17, 16.97, 17.19, 16.96, 17.17, 17.68, 16.96, 16.99, 17.04, 16.94, 16.94, 16.97, 16.97, 16.92, 16.86, 16.95, 16.92, 16.96, 16.96, 16.88, 16.96, 17.74, 16.75, 16.93, 16.8, 17.19, 16.82, 16.93, 16.76, 16.98, 16.77, 16.93, 16.76, 17.0, 16.77, 16.98, 16.82
18.21, 17.09, 17.29, 17.12, 17.04, 16.92, 17.02, 16.97, 16.94, 16.96, 17.23, 16.87, 16.91, 16.99, 16.98, 16.9, 17.19, 16.98, 16.99, 17.17, 16.95, 17.02, 16.85, 17.09, 16.9, 17.13, 16.94, 17.04, 16.95, 17.38, 16.86, 17.04, 18.6, 17.68, 17.72, 17.81, 17.81, 17.7, 17.79, 17.75, 17.87, 17.67, 18.19, 17.83, 0.0, 17.91, 17.99, 17.85, 18.24, 17.22, 16.97, 17.18, 17.01, 17.21, 16.96, 17.19, 16.92, 17.25, 17.01, 17.27, 16.75, 17.18, 17.04, 17.13, 17.67, 16.68, 16.93, 16.71, 16.9, 16.69, 16.9, 16.73, 16.87, 16.79, 16.98, 16.74, 17.2, 16.74, 16.88, 16.75, 17.4, 16.99, 16.86, 17.01, 17.22, 16.96, 16.81, 16.9, 16.81, 16.94, 16.79, 16.98, 16.82, 16.87, 16.75, 16.94, 17.41, 16.82, 16.88, 16.84, 16.83, 16.82, 16.81, 16.84, 16.8, 17.04, 16.78, 16.86, 16.83, 16.84, 16.82, 16.88, 17.92, 16.91, 17.15, 16.92, 16.95, 16.89, 16.96, 16.82, 17.11, 16.9, 17.0, 16.9, 17.11, 16.91, 17.08, 16.92
