0.0, 7.5, 5.15, 7.97, 7.17, 5.26, 5.39, 9.79, 4.87, 11.62, 5.7, 9.56, 11.13, 6.72, 26.4, 13.39, 6.46, 30.25, 31.41, 8.54, 4.85, 8.85, 11.38, 11.07, 5.2, 6.35, 7.43, 8.05, 6.21, 8.32, 6.92, 13.59, 4.65, 6.08, 5.13, 7.79, 4.97, 7.61, 7.62, 10.32, 5.52, 6.92, 6.46, 8.36, 5.13, 5.69, 5.21, 13.1, 4.74, 9.69, 19.54, 8.18, 5.64, 9.55, 8.83, 10.18, 4.99, 5.82, 7.36, 12.4, 6.67, 7.01, 5.92, 15.15, 4.6, 9.93, 6.02, 6.67, 5.24, 6.05, 11.75, 9.25, 5.4, 8.65, 10.76, 7.81, 5.72, 8.05, 11.49, 12.09, 5.48, 16.34, 13.18, 8.38, 43.35, 10.86, 37.17, 9.1, 6.77, 10.08, 10.01, 8.02, 6.88, 6.94, 10.07, 12.83, 5.41, 7.84, 9.11, 8.35, 6.18, 7.5, 6.48, 10.18, 6.23, 7.1, 7.19, 8.19, 6.84, 6.84, 6.91, 17.12, 6.21, 7.34, 8.14, 7.49, 5.9, 11.81, 9.58, 9.48, 8.1, 7.48, 12.98, 8.02, 6.91, 7.33, 9.83, 15.54
7.5, 0.0, 4.86, 5.12, 6.02, 4.9, 10.93, 7.97, 5.85, 4.22, 6.82, 10.71, 17.07, 7.83, 5.83, 11.32, 7.88, 7.41, 5.48, 8.39, 8.13, 6.18, 10.8, 8.54, 6.37, 5.65, 6.21, 6.7, 6.64, 6.11, 6.74, 13.34, 8.92, 8.98, 9.26, 6.46, 5.81, 5.26, 11.73, 8.43, 6.04, 5.33, 5.17, 6.21, 6.69, 8.24, 6.38, 10.77, 7.06, 7.57, 9.21, 6.98, 7.86, 6.55, 28.46, 8.93, 7.36, 5.31, 5.97, 10.81, 9.66, 6.12, 8.44, 12.33, 8.68, 4.91, 10.09, 6.1, 5.77, 11.05, 6.89, 8.75, 5.79, 5.99, 5.66, 6.68, 5.82, 10.07, 7.01, 12.68, 6.68, 12.05, 11.82, 7.2, 10.11, 8.45, 13.33, 11.0, 10.3, 5.9, 8.18, 6.66, 7.18, 7.35, 6.91, 12.23, 21.19, 5.7, 7.61, 10.4, 6.45, 6.66, 12.73, 9.75, 13.69, 6.82, 9.33, 6.97, 57.45, 9.96, 23.68, 11.9, 16.75, 6.67, 14.86, 15.66, 25.1, 16.29, 16.1, 9.38, 11.33, 6.08, 7.26, 7.32, 9.16, 10.24, 8.84, 13.37
5.15, 4.86, 0.0, 9.49, 4.65, 6.21, 5.02, 9.05, 4.68, 6.42, 4.36, 9.55, 6.07, 6.47, 5.23, 12.46, 5.65, 6.16, 5.14, 7.75, 6.27, 6.64, 6.2, 9.86, 6.2, 6.65, 5.75, 8.58, 6.23, 6.38, 6.16, 13.71, 5.77, 6.33, 4.99, 7.39, 5.47, 5.91, 5.66, 10.24, 5.6, 6.15, 5.19, 7.37, 6.82, 6.02, 6.11, 12.95, 7.11, 7.41, 6.56, 7.93, 7.55, 8.6, 6.15, 9.92, 5.76, 5.58, 5.27, 7.9, 9.42, 7.09, 8.04, 18.26, 7.12, 6.94, 5.58, 8.63, 6.2, 6.08, 6.03, 9.65, 6.5, 6.43, 5.77, 9.26, 6.69, 26.68, 16.91, 24.2, 25.15, 7.75, 6.86, 10.81, 6.82, 10.1, 9.17, 13.08, 7.36, 6.48, 6.17, 9.88, 7.0, 6.89, 6.79, 13.28, 7.25, 9.23, 5.72, 7.76, 6.2, 7.75, 7.12, 9.57, 7.08, 6.97, 6.78, 8.08, 6.71, 7.58, 7.73, 12.42, 7.93, 7.24, 6.84, 7.75, 6.6, 8.35, 7.72, 10.11, 7.4, 8.09, 6.31, 16.59, 7.67, 11.04, 8.63, 16.83
7.97, 5.12, 9.49, 0.0, 4.98, 5.1, 6.52, 6.03, 5.1, 5.17, 5.03, 4.85, 5.19, 8.55, 5.33, 9.86, 6.09, 5.15, 6.45, 4.88, 6.07, 5.57, 8.64, 7.72, 6.66, 5.56, 8.7, 5.64, 5.73, 5.47, 5.52, 18.64, 13.54, 6.99, 12.33, 4.59, 32.34, 10.12, 17.03, 8.87, 9.5, 5.09, 5.59, 6.77, 5.43, 5.08, 8.14, 10.84, 24.95, 14.82, 6.89, 5.23, 6.11, 11.21, 12.01, 6.39, 7.24, 6.34, 6.09, 5.26, 5.78, 6.78, 17.79, 11.92, 6.75, 12.04, 9.0, 4.46, 6.3, 10.17, 34.53, 7.19, 6.35, 11.17, 6.31, 5.57, 5.91, 7.09, 9.39, 11.33, 7.96, 16.1, 15.86, 5.63, 7.41, 11.49, 15.06, 8.62, 6.85, 5.72, 6.18, 6.15, 7.31, 17.76, 9.28, 10.62, 10.76, 22.14, 17.76, 5.12, 11.69, 14.03, 12.23, 6.98, 17.05, 14.8, 8.51, 8.07, 6.24, 7.99, 14.07, 9.19, 7.27, 7.77, 10.56, 5.81, 7.06, 8.01, 11.97, 9.59, 6.96, 19.97, 7.09, 6.3, 8.33, 9.08, 11.65, 12.05
7.17, 6.02, 4.65, 4.98, 0.0, 5.57, 7.88, 11.71, 5.77, 6.85, 5.89, 8.45, 4.71, 6.79, 6.0, 13.09, 5.71, 7.53, 7.67, 8.95, 5.44, 8.17, 15.59, 16.28, 13.86, 7.84, 15.65, 8.43, 5.45, 7.16, 10.95, 20.27, 11.01, 6.67, 13.34, 8.28, 4.58, 14.92, 7.76, 11.12, 5.69, 6.86, 5.82, 7.98, 33.35, 9.0, 14.15, 13.64, 7.16, 10.36, 6.84, 7.35, 6.0, 7.27, 11.51, 11.59, 79.72, 6.77, 10.69, 8.51, 5.2, 7.01, 18.56, 13.95, 8.62, 7.44, 11.05, 7.74, 4.45, 17.08, 7.32, 9.58, 5.59, 8.01, 23.37, 8.61, 7.67, 7.46, 7.81, 12.23, 7.29, 8.36, 11.71, 7.41, 5.55, 9.08, 105.37, 10.1, 6.02, 6.67, 7.1, 8.5, 6.22, 7.87, 7.13, 15.75, 6.92, 8.11, 7.42, 8.01, 5.29, 7.99, 9.54, 9.93, 7.13, 19.83, 22.21, 8.29, 7.96, 9.12, 11.37, 12.22, 9.19, 8.66, 12.49, 8.98, 8.08, 12.25, 10.88, 10.94, 7.24, 7.78, 8.22, 8.14, 6.78, 7.55, 12.49, 16.2
5.26, 4.9, 6.21, 5.1, 5.57, 0.0, 6.9, 8.37, 5.19, 4.64, 14.59, 13.33, 12.42, 4.46, 6.15, 17.25, 6.94, 7.72, 7.37, 9.57, 10.09, 4.93, 6.1, 9.96, 7.08, 5.28, 12.08, 7.53, 11.22, 5.42, 6.92, 14.11, 19.92, 6.13, 9.71, 8.06, 10.87, 3.94, 7.76, 9.1, 5.42, 5.29, 7.77, 6.96, 6.96, 6.43, 14.31, 14.48, 52.22, 5.31, 6.67, 16.8, 7.83, 5.47, 12.62, 11.21, 16.54, 5.85, 12.18, 7.68, 6.6, 5.69, 7.76, 13.66, 8.33, 6.78, 6.72, 6.89, 7.57, 4.84, 6.08, 10.2, 5.93, 5.8, 19.13, 14.1, 8.16, 7.27, 7.04, 14.95, 10.79, 84.31, 9.33, 10.04, 9.22, 6.48, 6.96, 11.54, 7.77, 6.13, 8.67, 8.09, 7.57, 6.73, 8.01, 14.7, 7.15, 6.57, 26.03, 8.43, 12.47, 5.82, 10.41, 25.96, 7.59, 6.92, 12.21, 7.74, 8.76, 9.19, 8.2, 10.68, 8.07, 7.0, 9.6, 8.27, 8.77, 6.85, 11.13, 9.75, 13.25, 7.52, 18.31, 7.68, 12.36, 10.29, 21.28, 14.78
5.39, 10.93, 5.02, 6.52, 7.88, 6.9, 0.0, 8.88, 4.94, 8.34, 5.12, 10.93, 6.66, 6.91, 5.51, 12.32, 8.81, 6.85, 6.07, 14.11, 6.18, 8.08, 5.71, 10.0, 5.58, 6.33, 6.74, 9.32, 5.94, 6.11, 5.35, 14.33, 10.54, 8.37, 6.55, 13.09, 9.53, 5.73, 4.0, 10.26, 5.47, 5.59, 5.4, 8.04, 8.94, 5.8, 5.55, 15.53, 10.09, 8.88, 22.44, 7.38, 5.93, 6.29, 5.75, 13.95, 8.29, 6.12, 5.47, 8.46, 9.47, 22.62, 6.2, 13.49, 6.98, 10.96, 6.8, 8.34, 9.91, 5.98, 4.84, 8.79, 9.43, 6.58, 6.43, 9.95, 6.7, 43.81, 5.98, 13.11, 8.17, 7.36, 8.09, 9.19, 10.24, 6.99, 6.56, 20.84, 8.82, 6.8, 6.55, 8.12, 9.0, 6.99, 6.88, 13.78, 9.77, 8.07, 6.72, 7.9, 7.85, 6.76, 5.72, 12.09, 7.67, 7.51, 8.03, 9.48, 8.89, 10.09, 8.76, 14.82, 7.81, 7.92, 7.44, 8.35, 17.91, 7.43, 6.79, 11.59, 8.15, 7.54, 6.86, 9.93, 8.17, 7.86, 7.56, 31.88
9.79, 7.97, 9.05, 6.03, 11.71, 8.37, 8.88, 0.0, 5.11, 7.46, 6.03, 6.59, 36.9, 32.9, 18.47, 7.1, 16.67, 10.88, 35.83, 5.51, 7.13, 12.25, 11.61, 5.07, 6.52, 12.72, 14.51, 6.01, 8.8, 5.93, 7.84, 7.8, 7.71, 7.69, 7.26, 5.21, 20.99, 5.89, 15.46, 4.47, 6.95, 5.94, 6.03, 19.47, 16.4, 9.4, 10.05, 6.13, 14.21, 5.62, 24.01, 17.93, 9.21, 8.19, 9.78, 6.08, 6.54, 6.73, 13.94, 5.89, 5.58, 9.67, 10.53, 7.86, 10.46, 11.81, 16.33, 5.86, 9.54, 5.94, 6.35, 5.2, 6.64, 6.43, 6.39, 5.76, 5.98, 7.63, 9.92, 7.15, 11.7, 8.28, 7.41, 7.65, 6.86, 7.66, 12.18, 6.58, 7.91, 10.62, 23.22, 6.64, 21.05, 27.99, 12.92, 8.03, 10.24, 10.57, 23.93, 6.79, 36.01, 14.64, 13.65, 6.07, 11.56, 8.03, 11.39, 7.9, 20.74, 21.75, 20.13, 7.28, 8.13, 15.91, 18.82, 6.68, 8.91, 12.09, 14.66, 6.54, 14.94, 7.22, 44.76, 7.01, 7.57, 8.57, 20.6, 11.06
4.87, 5.85, 4.68, 5.1, 5.77, 5.19, 4.94, 5.11, 0.0, 5.33, 49.08, 7.91, 4.76, 10.15, 12.64, 11.92, 4.77, 10.36, 15.18, 8.94, 5.73, 8.04, 9.75, 9.72, 5.05, 7.75, 9.17, 10.99, 5.93, 7.58, 6.72, 42.0, 6.59, 12.65, 5.95, 7.72, 5.04, 6.15, 6.98, 9.63, 4.55, 7.6, 6.12, 7.56, 5.31, 6.95, 8.3, 11.7, 5.6, 6.33, 5.93, 7.01, 5.26, 6.65, 7.02, 9.95, 5.71, 6.61, 6.46, 7.69, 6.14, 10.55, 8.1, 13.45, 6.14, 8.5, 6.71, 6.9, 5.72, 7.74, 7.48, 9.31, 5.17, 11.01, 6.29, 10.1, 14.03, 10.79, 10.15, 14.65, 8.03, 11.84, 14.77, 8.82, 5.98, 8.2, 17.11, 9.98, 6.47, 19.15, 6.4, 8.59, 6.99, 7.78, 8.87, 13.07, 6.84, 24.98, 7.9, 8.03, 6.66, 7.85, 9.59, 9.6, 6.18, 8.89, 7.93, 8.08, 7.19, 12.48, 14.31, 11.94, 7.47, 15.04, 12.53, 7.73, 7.26, 8.08, 24.5, 9.34, 6.65, 7.26, 7.71, 9.83, 7.53, 7.52, 9.37, 15.73
11.62, 4.22, 6.42, 5.17, 6.85, 4.64, 8.34, 7.46, 5.33, 0.0, 4.66, 8.94, 8.04, 5.5, 5.9, 13.08, 14.21, 5.46, 5.01, 10.58, 12.29, 22.31, 22.24, 10.22, 9.65, 4.43, 5.46, 10.08, 6.77, 7.11, 6.83, 13.43, 8.74, 6.12, 13.2, 6.39, 5.99, 5.45, 5.71, 8.09, 5.8, 4.92, 7.63, 7.76, 8.24, 8.09, 7.02, 10.88, 7.25, 6.66, 6.47, 7.2, 7.72, 6.1, 7.54, 8.31, 10.65, 5.51, 5.57, 7.69, 7.68, 6.05, 6.91, 11.9, 7.19, 6.07, 6.37, 5.88, 11.3, 6.26, 27.9, 7.77, 7.67, 5.63, 6.3, 7.21, 6.39, 8.92, 15.56, 11.91, 8.38, 6.57, 6.83, 7.6, 6.56, 7.26, 8.06, 8.63, 6.83, 6.32, 7.04, 6.62, 11.44, 37.84, 42.01, 15.46, 8.65, 10.14, 25.88, 6.79, 13.95, 9.74, 16.74, 8.32, 10.22, 6.53, 15.64, 9.59, 11.42, 10.81, 13.87, 13.28, 14.69, 9.27, 11.47, 11.08, 11.1, 12.88, 11.65, 19.58, 11.58, 6.59, 10.12, 7.9, 8.13, 8.33, 9.34, 13.24
5.7, 6.82, 4.36, 5.03, 5.89, 14.59, 5.12, 6.03, 49.08, 4.66, 0.0, 7.0, 4.61, 6.67, 5.23, 17.67, 18.48, 5.32, 5.69, 9.34, 12.39, 6.9, 12.41, 11.94, 8.29, 5.48, 4.53, 7.38, 5.82, 5.4, 6.18, 22.32, 10.48, 5.65, 6.06, 8.65, 6.38, 6.23, 7.47, 13.85, 6.88, 5.87, 4.8, 7.75, 5.44, 8.14, 10.06, 14.72, 6.39, 6.19, 8.61, 7.65, 8.12, 8.84, 8.01, 12.86, 9.48, 5.98, 5.36, 7.04, 6.51, 6.08, 6.16, 15.22, 6.55, 6.76, 6.4, 7.08, 5.65, 6.05, 8.73, 10.44, 6.72, 6.24, 5.51, 7.87, 7.49, 6.69, 7.28, 13.12, 8.32, 6.54, 6.9, 7.58, 6.24, 8.02, 7.06, 13.7, 7.4, 6.53, 6.33, 7.89, 7.62, 7.35, 7.71, 13.6, 12.7, 7.03, 6.83, 7.51, 9.91, 7.71, 8.82, 13.28, 7.11, 7.32, 6.65, 8.27, 6.76, 8.11, 41.7, 13.41, 8.05, 9.02, 8.19, 12.64, 14.65, 8.34, 10.24, 10.3, 8.08, 8.98, 6.65, 9.01, 9.05, 8.03, 10.24, 26.69
9.56, 10.71, 9.55, 4.85, 8.45, 13.33, 10.93, 6.59, 7.91, 8.94, 7.0, 0.0, 3.92, 34.89, 26.96, 9.36, 7.91, 19.22, 12.39, 4.15, 5.41, 24.22, 19.22, 6.25, 8.11, 12.67, 5.89, 4.95, 6.07, 5.55, 5.65, 8.58, 7.29, 5.02, 5.48, 4.94, 5.03, 5.57, 7.53, 6.43, 6.59, 5.27, 5.79, 5.09, 5.97, 5.94, 10.73, 8.72, 8.89, 5.13, 5.45, 4.7, 6.76, 5.62, 8.75, 6.1, 5.51, 5.95, 5.53, 5.84, 5.92, 6.51, 6.44, 11.39, 6.64, 5.8, 13.52, 10.7, 8.14, 10.83, 9.41, 6.22, 10.08, 13.23, 7.21, 5.4, 6.37, 7.22, 12.18, 8.53, 13.21, 23.4, 5.94, 5.6, 6.91, 6.3, 6.73, 6.61, 6.34, 6.44, 6.89, 6.61, 7.91, 17.04, 14.47, 9.4, 11.43, 7.75, 30.65, 7.22, 8.85, 10.06, 32.76, 6.92, 7.94, 7.46, 8.42, 6.47, 11.58, 7.39, 11.73, 14.24, 24.5, 6.75, 6.99, 6.42, 7.09, 8.39, 8.78, 7.57, 7.89, 7.37, 8.72, 6.91, 9.68, 8.13, 9.15, 10.84
11.13, 17.07, 6.07, 5.19, 4.71, 12.42, 6.66, 36.9, 4.76, 8.04, 4.61, 3.92, 0.0, 6.56, 5.46, 11.75, 4.6, 6.73, 5.58, 6.2, 4.81, 6.4, 5.92, 13.2, 5.11, 6.8, 9.44, 13.37, 6.64, 7.48, 10.91, 11.96, 5.24, 6.57, 9.97, 6.75, 5.02, 6.22, 14.18, 8.7, 5.25, 6.35, 9.44, 7.83, 4.94, 17.99, 20.26, 11.52, 10.4, 7.46, 15.36, 6.72, 5.53, 14.22, 11.85, 9.26, 5.88, 9.25, 7.17, 7.41, 5.91, 7.56, 8.54, 18.62, 6.12, 10.57, 6.05, 7.01, 5.92, 6.38, 7.88, 11.13, 8.24, 7.66, 7.81, 8.59, 5.89, 7.77, 23.31, 16.52, 6.9, 6.6, 6.15, 7.15, 6.8, 9.82, 17.28, 9.96, 6.71, 6.97, 7.69, 8.71, 6.75, 11.9, 8.6, 13.03, 6.9, 8.34, 6.93, 19.06, 6.9, 7.92, 10.45, 24.12, 11.22, 8.9, 7.76, 11.26, 6.63, 7.52, 7.82, 12.18, 7.59, 7.12, 16.58, 7.71, 6.68, 8.03, 8.77, 10.53, 8.9, 8.98, 8.6, 8.12, 7.2, 8.1, 14.56, 15.36
6.72, 7.83, 6.47, 8.55, 6.79, 4.46, 6.91, 32.9, 10.15, 5.5, 6.67, 34.89, 6.56, 0.0, 5.93, 14.88, 7.58, 4.67, 6.08, 6.28, 6.14, 6.57, 8.62, 7.87, 10.13, 4.98, 9.45, 6.22, 5.76, 4.43, 10.99, 14.82, 7.37, 5.7, 5.89, 6.09, 4.94, 5.86, 5.49, 8.27, 28.96, 5.34, 10.48, 7.02, 7.87, 4.79, 5.73, 11.31, 9.76, 10.94, 16.58, 7.76, 6.05, 16.29, 6.77, 10.86, 12.35, 5.8, 34.97, 24.7, 6.32, 5.68, 6.14, 24.97, 17.26, 7.39, 9.02, 7.54, 19.68, 5.78, 8.09, 8.23, 8.84, 6.17, 7.6, 7.26, 7.8, 5.61, 10.56, 13.76, 16.11, 12.89, 9.53, 8.07, 8.81, 7.09, 9.47, 9.32, 17.8, 8.38, 7.22, 7.1, 7.14, 6.5, 7.62, 17.69, 9.17, 7.34, 11.53, 6.69, 6.83, 6.77, 7.67, 7.98, 7.49, 7.61, 12.87, 7.31, 7.15, 6.83, 9.08, 14.28, 8.64, 8.89, 12.37, 11.22, 8.41, 12.32, 10.1, 12.51, 11.94, 7.29, 7.8, 8.52, 9.05, 6.73, 9.51, 14.27
26.4, 5.83, 5.23, 5.33, 6.0, 6.15, 5.51, 18.47, 12.64, 5.9, 5.23, 26.96, 5.46, 5.93, 0.0, 10.77, 7.06, 5.46, 5.49, 19.68, 9.89, 30.62, 11.82, 11.22, 44.32, 5.42, 4.89, 8.3, 5.74, 5.3, 4.5, 12.47, 8.56, 6.99, 5.5, 7.27, 4.74, 5.8, 6.79, 8.54, 6.75, 5.95, 5.19, 6.86, 5.21, 6.14, 5.33, 11.72, 6.75, 6.04, 8.87, 6.66, 6.3, 7.57, 6.78, 9.55, 6.12, 5.98, 5.35, 8.07, 5.74, 6.28, 5.71, 13.44, 5.97, 6.69, 5.86, 7.14, 5.66, 6.62, 7.13, 9.01, 5.82, 6.41, 6.09, 7.73, 6.09, 6.63, 5.52, 12.55, 7.4, 6.84, 7.57, 9.92, 6.7, 11.1, 6.85, 9.13, 8.79, 9.68, 6.27, 7.72, 8.76, 6.63, 6.36, 13.72, 6.99, 7.15, 11.48, 9.31, 7.33, 7.01, 6.85, 9.47, 7.18, 6.95, 7.87, 8.69, 7.82, 7.53, 6.54, 12.3, 7.44, 7.14, 8.09, 9.55, 12.33, 7.82, 8.15, 10.66, 7.49, 7.03, 7.0, 8.16, 7.31, 7.4, 7.01, 14.19
13.39, 11.32, 12.46, 9.86, 13.09, 17.25, 12.32, 7.1, 11.92, 13.08, 17.67, 9.36, 11.75, 14.88, 10.77, 0.0, 5.75, 20.0, 7.46, 4.4, 4.89, 6.36, 10.71, 5.45, 5.7, 5.67, 5.9, 5.04, 14.15, 6.74, 7.11, 11.12, 9.12, 8.5, 8.39, 7.6, 5.37, 7.03, 5.92, 5.33, 5.51, 5.98, 6.28, 5.36, 5.8, 5.85, 9.03, 6.43, 7.42, 7.55, 6.4, 5.58, 5.99, 6.03, 6.96, 5.61, 6.62, 6.69, 25.71, 5.74, 5.73, 7.99, 6.17, 6.14, 6.56, 5.74, 6.23, 5.82, 7.9, 6.18, 8.78, 6.14, 6.26, 6.12, 6.23, 6.08, 6.17, 8.37, 7.86, 7.82, 34.45, 23.46, 15.15, 8.01, 7.25, 8.13, 9.69, 6.79, 7.48, 8.3, 7.51, 6.43, 6.7, 8.13, 7.87, 7.0, 7.42, 7.24, 7.28, 6.66, 7.0, 7.18, 8.29, 6.79, 7.95, 6.99, 7.99, 6.89, 7.8, 7.86, 8.25, 18.17, 8.11, 13.07, 15.89, 10.1, 20.02, 8.82, 15.43, 7.43, 9.77, 7.99, 7.22, 7.33, 7.99, 7.82, 18.2, 7.73
6.46, 7.88, 5.65, 6.09, 5.71, 6.94, 8.81, 16.67, 4.77, 14.21, 18.48, 7.91, 4.6, 7.58, 7.06, 5.75, 0.0, 6.1, 6.63, 5.87, 4.86, 8.15, 9.64, 8.61, 7.12, 6.39, 5.06, 6.89, 4.79, 7.14, 5.75, 13.46, 4.94, 6.28, 5.74, 7.62, 5.03, 5.82, 5.33, 11.68, 5.43, 5.8, 7.27, 6.91, 5.52, 5.57, 6.26, 12.01, 7.98, 6.19, 5.99, 7.06, 5.9, 6.65, 8.59, 8.83, 6.23, 6.16, 6.04, 6.54, 5.94, 6.18, 6.37, 13.23, 6.14, 37.01, 19.42, 6.56, 7.29, 6.05, 8.06, 9.54, 6.01, 8.1, 8.84, 7.41, 6.08, 7.41, 6.9, 12.12, 5.84, 7.18, 10.8, 7.43, 7.51, 8.83, 7.94, 10.68, 7.57, 6.77, 7.44, 7.94, 7.34, 8.3, 8.9, 12.59, 7.02, 7.41, 7.27, 7.97, 6.87, 9.62, 6.99, 15.04, 11.99, 7.61, 9.21, 7.89, 9.77, 10.75, 8.53, 12.08, 7.05, 9.94, 28.41, 31.32, 20.56, 19.13, 11.81, 10.0, 13.75, 7.21, 21.72, 8.24, 7.4, 9.91, 9.36, 16.79
30.25, 7.41, 6.16, 5.15, 7.53, 7.72, 6.85, 10.88, 10.36, 5.46, 5.32, 19.22, 6.73, 4.67, 5.46, 20.0, 6.1, 0.0, 5.96, 10.09, 7.12, 6.06, 7.0, 11.69, 18.78, 4.31, 5.3, 6.48, 14.19, 5.57, 11.74, 74.4, 14.35, 13.57, 6.26, 5.84, 15.49, 9.7, 10.59, 7.97, 10.23, 5.56, 6.09, 6.61, 5.74, 6.99, 8.24, 12.82, 9.37, 6.68, 7.47, 6.77, 14.64, 13.96, 14.96, 11.39, 17.9, 5.76, 10.83, 9.28, 14.41, 6.91, 17.32, 13.72, 9.68, 6.12, 7.87, 7.86, 6.67, 8.57, 12.92, 8.0, 9.83, 6.36, 9.4, 7.09, 7.78, 8.08, 7.77, 10.87, 8.23, 7.83, 10.55, 9.75, 7.88, 8.6, 7.39, 8.24, 7.79, 6.38, 6.88, 7.1, 14.05, 6.85, 6.96, 14.01, 7.55, 7.01, 7.23, 7.14, 8.83, 7.4, 7.23, 11.02, 8.02, 7.06, 7.28, 7.7, 8.17, 7.82, 9.28, 10.4, 9.13, 6.98, 7.76, 8.06, 7.48, 8.83, 12.51, 9.35, 8.97, 7.25, 7.29, 7.58, 7.96, 7.55, 9.53, 13.2
31.41, 5.48, 5.14, 6.45, 7.67, 7.37, 6.07, 35.83, 15.18, 5.01, 5.69, 12.39, 5.58, 6.08, 5.49, 7.46, 6.63, 5.96, 0.0, 6.31, 4.72, 6.72, 19.97, 137.92, 8.8, 5.25, 11.64, 6.34, 5.2, 6.05, 7.02, 15.79, 9.31, 7.55, 6.22, 7.18, 5.87, 5.69, 5.21, 10.45, 6.3, 6.18, 5.56, 7.09, 5.35, 6.89, 6.91, 13.58, 8.18, 5.75, 5.14, 12.1, 6.89, 9.97, 8.58, 10.61, 6.48, 6.1, 5.79, 6.84, 5.82, 6.76, 6.47, 14.55, 9.13, 6.63, 8.28, 8.27, 5.99, 6.45, 7.36, 9.96, 7.38, 6.51, 6.42, 7.21, 7.08, 7.1, 9.94, 11.94, 7.32, 7.05, 6.21, 11.21, 6.93, 7.72, 8.52, 11.21, 8.92, 6.53, 6.41, 8.37, 7.06, 7.84, 6.89, 13.26, 7.4, 6.93, 6.8, 7.54, 7.91, 7.31, 7.52, 9.07, 7.39, 7.33, 7.29, 10.76, 9.29, 10.83, 8.65, 12.55, 7.93, 7.4, 6.81, 7.85, 7.4, 8.2, 7.96, 9.32, 8.0, 7.45, 7.28, 9.4, 8.14, 7.98, 12.15, 14.2
8.54, 8.39, 7.75, 4.88, 8.95, 9.57, 14.11, 5.51, 8.94, 10.58, 9.34, 4.15, 6.2, 6.28, 19.68, 4.4, 5.87, 10.09, 6.31, 0.0, 4.7, 5.25, 8.74, 5.03, 14.63, 6.46, 7.47, 4.65, 6.67, 5.81, 6.79, 10.31, 7.53, 5.77, 7.47, 4.72, 5.83, 6.5, 6.12, 7.67, 7.49, 6.47, 6.4, 5.65, 6.0, 6.57, 9.3, 8.58, 5.47, 5.91, 7.39, 4.27, 5.33, 6.2, 7.1, 6.48, 6.21, 7.04, 7.67, 5.93, 6.16, 7.63, 7.69, 11.04, 6.54, 15.31, 7.56, 6.01, 5.82, 6.9, 7.62, 7.82, 7.25, 7.09, 7.17, 6.4, 7.05, 6.5, 6.87, 9.16, 6.29, 6.02, 6.44, 5.29, 7.06, 7.47, 6.61, 7.21, 36.33, 8.65, 27.83, 6.79, 7.57, 12.58, 12.65, 9.96, 10.79, 6.63, 7.75, 6.89, 6.78, 8.85, 11.25, 7.27, 7.33, 7.53, 9.26, 7.35, 14.67, 8.12, 8.88, 8.31, 7.77, 7.33, 8.62, 5.98, 7.21, 8.13, 8.12, 7.36, 7.7, 7.41, 10.42, 7.38, 8.25, 8.1, 8.37, 11.42
4.85, 8.13, 6.27, 6.07, 5.44, 10.09, 6.18, 7.13, 5.73, 12.29, 12.39, 5.41, 4.81, 6.14, 9.89, 4.89, 4.86, 7.12, 4.72, 4.7, 0.0, 6.6, 9.44, 8.85, 5.19, 6.53, 5.69, 9.48, 7.85, 7.16, 9.64, 27.39, 4.84, 6.59, 8.99, 7.28, 4.5, 9.16, 7.98, 9.47, 10.17, 6.81, 7.11, 7.54, 5.79, 5.94, 7.36, 14.95, 13.14, 6.27, 7.68, 7.45, 4.41, 7.72, 7.81, 11.53, 5.81, 7.75, 6.51, 7.72, 6.06, 8.22, 8.09, 13.56, 6.0, 6.34, 6.46, 7.39, 6.14, 7.92, 7.15, 10.21, 7.79, 8.38, 7.15, 8.05, 6.56, 6.7, 7.46, 11.75, 6.49, 7.43, 6.53, 7.69, 5.21, 6.83, 7.31, 9.83, 7.2, 6.94, 7.1, 7.96, 7.01, 7.41, 8.57, 14.05, 6.85, 6.92, 7.4, 13.4, 6.88, 9.76, 9.34, 10.8, 7.97, 7.63, 7.75, 8.34, 7.42, 7.7, 12.97, 11.6, 7.69, 7.26, 8.26, 7.89, 6.12, 8.14, 13.4, 9.78, 7.27, 7.59, 7.82, 8.78, 7.83, 8.26, 8.86, 15.31
8.85, 6.18, 6.64, 5.57, 8.17, 4.93, 8.08, 12.25, 8.04, 22.31, 6.9, 24.22, 6.4, 6.57, 30.62, 6.36, 8.15, 6.06, 6.72, 5.25, 6.6, 0.0, 4.01, 9.75, 12.95, 4.64, 6.13, 6.13, 5.53, 4.84, 5.34, 12.56, 4.95, 4.93, 5.32, 6.22, 5.36, 4.53, 5.67, 8.67, 6.03, 5.16, 6.17, 6.75, 5.93, 5.07, 5.59, 10.65, 4.95, 5.31, 5.17, 6.82, 5.51, 4.44, 5.68, 7.88, 5.67, 5.76, 6.62, 6.38, 6.08, 5.86, 6.14, 12.49, 5.6, 5.97, 5.87, 6.64, 6.78, 6.17, 6.13, 8.15, 6.52, 6.53, 6.44, 7.23, 6.61, 6.64, 6.96, 11.1, 7.52, 5.86, 6.62, 7.3, 7.75, 5.36, 7.0, 8.15, 7.46, 6.82, 9.44, 7.82, 7.2, 6.88, 6.86, 12.07, 7.31, 6.85, 8.49, 7.07, 8.17, 6.89, 6.92, 8.34, 10.46, 7.06, 6.96, 7.45, 10.51, 6.88, 7.17, 11.52, 6.77, 6.64, 7.54, 7.28, 7.73, 6.25, 6.96, 8.57, 7.42, 7.93, 8.98, 7.27, 7.83, 6.97, 8.19, 13.44
11.38, 10.8, 6.2, 8.64, 15.59, 6.1, 5.71, 11.61, 9.75, 22.24, 12.41, 19.22, 5.92, 8.62, 11.82, 10.71, 9.64, 7.0, 19.97, 8.74, 9.44, 4.01, 0.0, 8.82, 5.95, 5.88, 4.86, 7.33, 5.02, 6.98, 5.12, 11.97, 8.32, 5.26, 4.72, 7.41, 8.25, 6.34, 5.04, 11.16, 5.63, 5.97, 5.23, 8.25, 6.67, 6.0, 5.35, 11.32, 6.4, 5.39, 5.1, 6.8, 5.18, 5.78, 4.52, 9.55, 5.32, 6.4, 5.77, 7.7, 6.91, 6.45, 6.27, 13.57, 5.74, 6.41, 5.59, 8.28, 9.04, 6.68, 6.14, 9.64, 5.93, 6.4, 5.9, 8.19, 7.41, 12.05, 9.87, 50.12, 19.16, 22.99, 10.43, 6.95, 5.85, 8.25, 5.5, 9.24, 6.49, 7.09, 7.09, 8.35, 6.54, 6.73, 7.45, 13.17, 7.44, 7.25, 6.8, 9.98, 10.14, 6.72, 7.22, 10.38, 7.15, 7.64, 6.87, 8.95, 13.96, 8.87, 7.0, 11.35, 9.28, 7.12, 7.56, 7.95, 9.04, 7.13, 6.35, 14.95, 14.66, 7.55, 8.13, 8.41, 8.48, 9.45, 7.81, 14.27
11.07, 8.54, 9.86, 7.72, 16.28, 9.96, 10.0, 5.07, 9.72, 10.22, 11.94, 6.25, 13.2, 7.87, 11.22, 5.45, 8.61, 11.69, 137.92, 5.03, 8.85, 9.75, 8.82, 0.0, 4.78, 4.0, 5.06, 4.71, 5.85, 5.09, 6.04, 6.24, 6.19, 4.68, 4.81, 7.26, 10.12, 6.26, 9.16, 4.53, 5.43, 6.24, 7.73, 5.56, 28.75, 5.42, 8.37, 8.51, 6.17, 5.14, 8.56, 4.68, 4.74, 6.51, 6.3, 4.54, 5.76, 5.94, 6.13, 5.78, 5.5, 5.81, 8.04, 7.45, 6.44, 8.37, 10.76, 8.09, 7.31, 6.28, 8.56, 6.09, 6.0, 6.48, 6.82, 6.28, 12.56, 5.94, 12.33, 6.57, 7.6, 6.31, 6.29, 10.29, 9.44, 6.94, 8.53, 5.47, 6.09, 6.75, 7.66, 6.43, 8.08, 6.86, 7.97, 7.64, 6.7, 10.38, 30.4, 6.72, 46.31, 19.41, 11.79, 7.63, 6.87, 7.29, 8.37, 7.95, 9.01, 8.34, 18.49, 8.58, 8.2, 7.45, 8.72, 6.77, 17.5, 11.04, 10.18, 6.21, 7.18, 7.43, 7.99, 7.19, 13.43, 17.55, 10.78, 8.67
5.2, 6.37, 6.2, 6.66, 13.86, 7.08, 5.58, 6.52, 5.05, 9.65, 8.29, 8.11, 5.11, 10.13, 44.32, 5.7, 7.12, 18.78, 8.8, 14.63, 5.19, 12.95, 5.95, 4.78, 0.0, 4.79, 16.4, 7.17, 4.25, 6.18, 6.04, 12.53, 4.36, 5.55, 5.34, 6.95, 4.91, 8.19, 8.31, 9.39, 4.73, 6.3, 12.09, 8.35, 6.28, 5.42, 6.69, 11.27, 5.03, 6.66, 5.72, 11.24, 5.27, 6.47, 30.99, 9.4, 4.41, 6.51, 6.75, 7.97, 5.74, 7.94, 7.06, 13.09, 5.66, 6.57, 7.92, 7.13, 5.64, 7.6, 7.16, 10.66, 6.17, 8.24, 7.5, 8.13, 5.9, 6.67, 6.79, 11.74, 5.98, 7.05, 10.07, 7.14, 5.62, 6.81, 8.85, 9.16, 5.44, 6.97, 6.46, 9.25, 7.11, 7.54, 7.62, 12.59, 6.36, 10.64, 9.18, 7.59, 7.04, 10.4, 9.28, 9.83, 6.7, 8.85, 7.54, 8.06, 7.22, 6.68, 9.21, 11.66, 7.04, 7.08, 7.29, 7.63, 6.62, 8.27, 9.64, 9.39, 6.37, 7.88, 7.55, 8.52, 7.91, 8.12, 8.14, 14.47
6.35, 5.65, 6.65, 5.56, 7.84, 5.28, 6.33, 12.72, 7.75, 4.43, 5.48, 12.67, 6.8, 4.98, 5.42, 5.67, 6.39, 4.31, 5.25, 6.46, 6.53, 4.64, 5.88, 4.0, 4.79, 0.0, 4.44, 5.18, 8.39, 6.84, 7.9, 13.32, 26.47, 7.26, 11.13, 7.1, 6.23, 6.36, 6.1, 7.92, 11.78, 4.42, 6.77, 6.37, 5.45, 7.22, 18.06, 13.27, 8.09, 5.79, 5.6, 6.44, 15.59, 7.78, 10.36, 11.96, 6.9, 4.54, 6.58, 6.79, 7.92, 5.84, 6.75, 15.72, 8.36, 5.53, 9.87, 5.88, 6.24, 8.17, 8.39, 9.58, 7.21, 5.77, 7.74, 7.1, 9.88, 10.35, 7.15, 11.29, 6.64, 6.31, 19.05, 6.15, 7.28, 6.58, 8.52, 10.04, 7.21, 5.23, 6.38, 7.74, 9.25, 6.95, 7.63, 13.9, 7.92, 9.55, 9.54, 7.68, 27.44, 7.2, 13.14, 8.85, 19.71, 6.66, 7.66, 7.3, 9.24, 10.28, 7.81, 17.51, 31.89, 15.77, 9.73, 8.92, 7.92, 8.47, 9.57, 9.45, 7.51, 6.29, 7.16, 7.92, 8.37, 7.48, 8.71, 13.52
7.43, 6.21, 5.75, 8.7, 15.65, 12.08, 6.74, 14.51, 9.17, 5.46, 4.53, 5.89, 9.44, 9.45, 4.89, 5.9, 5.06, 5.3, 11.64, 7.47, 5.69, 6.13, 4.86, 5.06, 16.4, 4.44, 0.0, 6.4, 4.26, 5.4, 4.79, 13.29, 7.73, 5.22, 4.68, 8.04, 8.05, 5.64, 7.25, 9.53, 5.71, 5.99, 4.6, 7.7, 6.05, 6.4, 7.66, 11.61, 6.44, 5.86, 5.51, 7.67, 6.2, 10.09, 5.94, 10.9, 7.24, 5.68, 4.62, 7.97, 5.89, 6.95, 6.21, 14.35, 6.29, 5.92, 5.74, 11.24, 6.54, 10.2, 8.59, 10.18, 5.84, 6.11, 5.92, 7.8, 6.43, 7.31, 7.65, 11.79, 8.26, 6.32, 5.89, 7.75, 6.36, 6.94, 6.85, 10.39, 8.07, 6.05, 5.43, 7.98, 9.66, 6.72, 10.62, 14.46, 11.73, 6.86, 6.9, 7.83, 6.85, 6.97, 7.05, 10.99, 7.4, 7.33, 6.88, 8.12, 7.23, 7.18, 7.98, 12.22, 7.23, 7.2, 7.86, 8.21, 6.83, 7.7, 7.53, 11.51, 10.79, 7.07, 6.26, 8.22, 7.64, 7.33, 7.72, 17.07
8.05, 6.7, 8.58, 5.64, 8.43, 7.53, 9.32, 6.01, 10.99, 10.08, 7.38, 4.95, 13.37, 6.22, 8.3, 5.04, 6.89, 6.48, 6.34, 4.65, 9.48, 6.13, 7.33, 4.71, 7.17, 5.18, 6.4, 0.0, 4.19, 4.29, 4.74, 10.66, 7.78, 7.38, 5.52, 4.05, 19.32, 45.0, 24.43, 7.94, 5.35, 5.37, 10.97, 4.88, 12.45, 5.73, 21.39, 9.71, 6.82, 5.2, 9.67, 5.66, 6.53, 6.59, 10.04, 6.38, 6.72, 5.4, 15.95, 4.59, 8.18, 6.03, 10.2, 9.77, 7.42, 6.32, 10.58, 5.61, 7.67, 12.12, 8.59, 7.29, 7.77, 17.05, 8.9, 5.77, 9.76, 10.58, 9.25, 9.61, 7.98, 6.95, 11.66, 8.19, 8.02, 7.73, 10.7, 19.38, 16.98, 8.61, 8.98, 5.36, 6.06, 6.42, 8.56, 9.52, 6.62, 6.34, 8.11, 6.58, 7.56, 8.73, 7.99, 7.18, 7.31, 7.05, 7.77, 6.89, 7.06, 7.49, 7.84, 8.58, 6.77, 6.88, 26.33, 8.13, 10.8, 7.2, 7.84, 7.68, 12.49, 7.61, 10.21, 6.25, 8.54, 6.56, 8.07, 10.97
6.21, 6.64, 6.23, 5.73, 5.45, 11.22, 5.94, 8.8, 5.93, 6.77, 5.82, 6.07, 6.64, 5.76, 5.74, 14.15, 4.79, 14.19, 5.2, 6.67, 7.85, 5.53, 5.02, 5.85, 4.25, 8.39, 4.26, 4.19, 0.0, 4.8, 5.05, 12.72, 4.71, 6.06, 12.15, 6.78, 4.02, 5.79, 5.67, 8.52, 5.11, 5.96, 5.59, 7.76, 4.8, 7.96, 28.52, 10.87, 5.7, 8.59, 5.98, 7.05, 8.42, 6.01, 19.8, 9.83, 6.87, 6.81, 6.38, 7.04, 4.62, 6.42, 6.09, 13.38, 5.68, 10.67, 8.03, 6.87, 5.73, 6.16, 10.68, 9.05, 5.97, 29.36, 6.26, 7.29, 6.84, 8.92, 7.54, 11.88, 22.98, 105.04, 25.63, 12.64, 10.28, 9.04, 10.97, 57.64, 41.32, 10.54, 9.87, 7.35, 5.46, 7.29, 8.51, 12.84, 9.18, 6.94, 7.53, 10.35, 8.79, 6.92, 8.59, 12.5, 6.59, 8.2, 7.26, 7.66, 6.97, 20.17, 18.27, 12.18, 8.31, 12.73, 20.67, 9.21, 7.87, 9.19, 9.79, 9.97, 10.19, 7.64, 7.36, 8.16, 6.52, 7.46, 8.4, 14.39
8.32, 6.11, 6.38, 5.47, 7.16, 5.42, 6.11, 5.93, 7.58, 7.11, 5.4, 5.55, 7.48, 4.43, 5.3, 6.74, 7.14, 5.57, 6.05, 5.81, 7.16, 4.84, 6.98, 5.09, 6.18, 6.84, 5.4, 4.29, 4.8, 0.0, 4.17, 12.2, 5.11, 5.76, 5.46, 6.19, 5.61, 4.05, 4.89, 7.67, 5.01, 5.13, 5.21, 6.36, 5.25, 4.8, 6.22, 10.47, 5.98, 5.34, 5.26, 6.05, 7.98, 5.76, 6.63, 8.9, 6.18, 5.28, 8.36, 7.3, 7.51, 4.52, 6.1, 11.75, 6.09, 7.0, 7.84, 5.78, 6.52, 5.42, 7.1, 9.65, 7.81, 5.75, 5.64, 7.45, 6.43, 6.02, 7.26, 11.27, 7.56, 7.35, 6.58, 6.81, 11.0, 7.0, 6.75, 9.09, 7.91, 5.95, 6.74, 6.93, 7.21, 5.49, 9.44, 12.19, 7.32, 7.3, 7.03, 6.57, 7.06, 6.75, 7.14, 9.42, 6.86, 6.54, 6.84, 7.2, 17.96, 7.11, 9.61, 11.43, 7.45, 7.21, 7.87, 7.85, 8.44, 8.19, 10.91, 8.8, 7.4, 6.7, 7.3, 8.2, 7.59, 6.29, 8.09, 14.39
6.92, 6.74, 6.16, 5.52, 10.95, 6.92, 5.35, 7.84, 6.72, 6.83, 6.18, 5.65, 10.91, 10.99, 4.5, 7.11, 5.75, 11.74, 7.02, 6.79, 9.64, 5.34, 5.12, 6.04, 6.04, 7.9, 4.79, 4.74, 5.05, 4.17, 0.0, 15.42, 8.34, 6.68, 6.81, 6.46, 4.49, 10.07, 16.26, 11.96, 5.69, 5.62, 5.47, 7.06, 5.46, 5.46, 4.94, 10.85, 6.94, 5.75, 12.3, 7.06, 6.06, 5.93, 7.36, 8.81, 5.69, 5.94, 6.07, 7.11, 5.42, 5.85, 4.85, 12.2, 6.55, 6.03, 5.65, 6.39, 7.39, 7.32, 5.6, 8.32, 6.21, 6.07, 5.41, 7.1, 7.31, 6.37, 6.01, 11.14, 6.07, 6.63, 6.79, 8.08, 8.52, 6.33, 6.14, 9.27, 6.6, 6.32, 6.43, 7.6, 7.76, 8.15, 5.54, 13.22, 6.46, 8.66, 6.58, 7.91, 6.87, 7.04, 6.51, 9.29, 9.03, 7.0, 6.91, 8.44, 6.62, 7.41, 6.89, 11.24, 7.28, 6.7, 6.77, 8.77, 7.21, 7.14, 7.5, 9.33, 7.36, 7.1, 7.52, 7.21, 9.54, 7.01, 6.37, 12.24
13.59, 13.34, 13.71, 18.64, 20.27, 14.11, 14.33, 7.8, 42.0, 13.43, 22.32, 8.58, 11.96, 14.82, 12.47, 11.12, 13.46, 74.4, 15.79, 10.31, 27.39, 12.56, 11.97, 6.24, 12.53, 13.32, 13.29, 10.66, 12.72, 12.2, 15.42, 0.0, 5.11, 7.23, 8.93, 5.58, 8.75, 7.2, 7.38, 5.5, 6.59, 5.8, 5.88, 7.22, 6.34, 4.7, 6.48, 4.47, 5.26, 6.11, 5.35, 5.32, 4.89, 5.09, 8.49, 4.89, 5.79, 7.0, 5.8, 5.4, 6.89, 5.84, 7.15, 4.52, 6.65, 5.36, 6.14, 6.72, 7.02, 10.37, 9.51, 5.59, 6.52, 7.85, 14.11, 6.35, 7.87, 6.43, 9.34, 5.49, 5.86, 6.52, 8.02, 5.84, 6.66, 9.84, 6.75, 6.03, 8.95, 6.24, 7.12, 6.84, 8.45, 6.32, 7.88, 5.39, 8.68, 6.53, 8.0, 6.76, 15.66, 6.48, 7.94, 6.37, 6.38, 7.2, 7.38, 6.89, 7.67, 6.77, 7.36, 6.45, 6.65, 9.81, 6.59, 6.67, 7.21, 7.78, 6.81, 6.77, 6.9, 7.83, 8.63, 7.98, 10.81, 7.71, 10.08, 6.22
4.65, 8.92, 5.77, 13.54, 11.01, 19.92, 10.54, 7.71, 6.59, 8.74, 10.48, 7.29, 5.24, 7.37, 8.56, 9.12, 4.94, 14.35, 9.31, 7.53, 4.84, 4.95, 8.32, 6.19, 4.36, 26.47, 7.73, 7.78, 4.71, 5.11, 8.34, 5.11, 0.0, 4.82, 5.42, 7.3, 4.6, 9.42, 7.29, 10.25, 6.38, 11.13, 6.61, 7.7, 6.15, 7.88, 7.89, 11.88, 4.5, 25.03, 13.69, 11.67, 5.3, 9.29, 6.58, 9.68, 5.17, 6.45, 6.21, 8.46, 6.48, 6.14, 14.65, 13.58, 4.34, 6.56, 5.43, 7.98, 6.53, 6.69, 7.03, 9.52, 6.45, 9.32, 7.17, 10.77, 7.22, 6.79, 6.46, 12.99, 5.42, 6.59, 6.52, 8.31, 6.71, 6.34, 6.12, 9.89, 6.25, 7.16, 7.55, 8.17, 11.27, 7.23, 22.98, 13.54, 5.45, 6.99, 7.0, 11.95, 8.59, 14.87, 8.02, 9.53, 7.19, 8.44, 8.47, 9.41, 7.18, 6.88, 9.05, 13.11, 6.44, 6.6, 6.71, 10.57, 29.01, 6.78, 8.4, 12.33, 6.81, 7.92, 9.48, 10.05, 8.22, 19.3, 15.39, 15.55
6.08, 8.98, 6.33, 6.99, 6.67, 6.13, 8.37, 7.69, 12.65, 6.12, 5.65, 5.02, 6.57, 5.7, 6.99, 8.5, 6.28, 13.57, 7.55, 5.77, 6.59, 4.93, 5.26, 4.68, 5.55, 7.26, 5.22, 7.38, 6.06, 5.76, 6.68, 7.23, 4.82, 0.0, 5.37, 5.9, 15.33, 4.94, 6.27, 8.36, 5.6, 4.58, 5.62, 6.02, 5.46, 5.08, 7.35, 9.94, 8.1, 4.34, 5.61, 7.35, 11.03, 6.28, 8.38, 7.66, 5.42, 5.55, 5.62, 6.46, 5.52, 6.22, 6.87, 12.96, 6.15, 4.73, 14.05, 6.05, 6.51, 16.33, 11.63, 7.7, 6.29, 5.86, 8.14, 6.93, 5.73, 7.2, 7.8, 11.21, 6.63, 5.71, 6.72, 25.12, 11.77, 16.34, 8.3, 13.55, 10.44, 6.19, 32.83, 7.27, 8.37, 7.43, 8.96, 12.42, 6.91, 5.22, 6.13, 13.4, 60.18, 9.22, 10.3, 8.83, 13.22, 6.67, 10.1, 8.27, 7.92, 8.09, 7.36, 10.81, 9.3, 6.38, 7.05, 6.53, 8.34, 6.76, 8.65, 14.61, 9.58, 6.97, 7.17, 8.23, 7.39, 8.63, 10.79, 14.44
5.13, 9.26, 4.99, 12.33, 13.34, 9.71, 6.55, 7.26, 5.95, 13.2, 6.06, 5.48, 9.97, 5.89, 5.5, 8.39, 5.74, 6.26, 6.22, 7.47, 8.99, 5.32, 4.72, 4.81, 5.34, 11.13, 4.68, 5.52, 12.15, 5.46, 6.81, 8.93, 5.42, 5.37, 0.0, 6.74, 4.5, 26.51, 5.03, 9.86, 5.17, 6.01, 5.1, 7.98, 6.19, 5.81, 5.17, 12.14, 5.88, 5.49, 4.69, 7.29, 7.69, 8.23, 5.32, 9.33, 10.11, 5.88, 5.61, 9.4, 7.14, 6.19, 6.13, 13.39, 5.27, 5.97, 4.63, 7.14, 5.73, 10.23, 7.63, 9.76, 6.01, 7.93, 8.85, 8.9, 5.96, 5.92, 10.02, 11.42, 5.97, 6.07, 10.06, 6.98, 6.27, 6.38, 14.92, 9.25, 6.02, 6.73, 6.37, 8.05, 7.44, 7.0, 8.67, 12.64, 7.15, 6.13, 5.45, 8.74, 6.41, 8.38, 7.76, 9.37, 7.17, 7.25, 7.05, 8.18, 6.84, 7.63, 9.13, 13.16, 6.95, 6.66, 6.6, 8.01, 7.4, 7.81, 7.36, 9.76, 6.96, 7.29, 7.09, 8.4, 8.05, 8.01, 8.59, 16.24
7.79, 6.46, 7.39, 4.59, 8.28, 8.06, 13.09, 5.21, 7.72, 6.39, 8.65, 4.94, 6.75, 6.09, 7.27, 7.6, 7.62, 5.84, 7.18, 4.72, 7.28, 6.22, 7.41, 7.26, 6.95, 7.1, 8.04, 4.05, 6.78, 6.19, 6.46, 5.58, 7.3, 5.9, 6.74, 0.0, 4.6, 4.89, 4.95, 5.62, 103.38, 5.21, 5.93, 4.28, 13.21, 6.33, 9.11, 8.41, 7.49, 11.59, 11.86, 4.21, 5.91, 6.68, 7.48, 16.56, 5.2, 5.29, 6.93, 5.24, 8.13, 6.72, 8.02, 9.78, 5.89, 5.56, 9.72, 4.51, 8.55, 5.73, 11.46, 6.37, 6.87, 5.96, 6.11, 5.7, 6.17, 6.69, 9.91, 8.34, 6.51, 7.07, 7.31, 5.61, 5.72, 8.52, 7.79, 6.77, 6.78, 5.96, 7.21, 5.91, 7.82, 6.96, 7.8, 9.63, 6.59, 6.31, 7.89, 5.46, 6.15, 7.88, 8.21, 6.77, 7.57, 6.87, 6.86, 6.48, 6.19, 6.84, 6.96, 9.56, 8.17, 6.6, 6.78, 6.51, 6.79, 7.73, 7.74, 6.95, 7.45, 6.9, 7.17, 6.83, 7.83, 7.0, 9.79, 11.59
4.97, 5.81, 5.47, 32.34, 4.58, 10.87, 9.53, 20.99, 5.04, 5.99, 6.38, 5.03, 5.02, 4.94, 4.74, 5.37, 5.03, 15.49, 5.87, 5.83, 4.5, 5.36, 8.25, 10.12, 4.91, 6.23, 8.05, 19.32, 4.02, 5.61, 4.49, 8.75, 4.6, 15.33, 4.5, 4.6, 0.0, 4.6, 11.82, 9.2, 4.32, 6.9, 5.2, 7.35, 4.23, 6.35, 6.47, 11.91, 5.18, 6.12, 28.64, 72.06, 6.28, 6.41, 8.05, 9.38, 5.5, 7.96, 5.2, 7.43, 5.3, 6.75, 8.26, 15.81, 5.63, 7.2, 6.32, 6.92, 4.67, 5.46, 9.18, 9.09, 5.93, 23.53, 6.19, 7.96, 5.38, 8.58, 11.08, 11.55, 6.51, 6.68, 7.48, 7.38, 5.8, 7.25, 8.55, 9.88, 6.69, 8.06, 8.31, 7.38, 6.25, 7.96, 8.4, 14.64, 7.27, 7.76, 8.34, 7.61, 5.44, 7.06, 8.21, 11.03, 6.65, 7.04, 7.43, 7.98, 6.81, 6.95, 9.08, 11.47, 7.04, 7.29, 8.21, 7.58, 6.63, 8.91, 12.59, 9.55, 8.88, 7.16, 7.45, 8.05, 7.18, 7.75, 9.11, 15.92
7.61, 5.26, 5.91, 10.12, 14.92, 3.94, 5.73, 5.89, 6.15, 5.45, 6.23, 5.57, 6.22, 5.86, 5.8, 7.03, 5.82, 9.7, 5.69, 6.5, 9.16, 4.53, 6.34, 6.26, 8.19, 6.36, 5.64, 45.0, 5.79, 4.05, 10.07, 7.2, 9.42, 4.94, 26.51, 4.89, 4.6, 0.0, 4.46, 9.36, 4.88, 4.32, 5.1, 6.06, 5.57, 5.52, 5.57, 10.24, 6.97, 5.23, 4.95, 7.16, 8.38, 4.62, 5.79, 9.52, 9.72, 4.98, 5.41, 6.06, 6.23, 5.26, 5.61, 12.81, 5.67, 10.88, 6.13, 5.56, 5.01, 4.6, 11.46, 7.53, 5.44, 5.84, 8.61, 6.47, 8.16, 11.68, 9.44, 11.35, 6.43, 11.83, 10.27, 6.34, 6.72, 7.02, 8.33, 9.59, 14.65, 5.76, 6.9, 6.85, 7.03, 6.21, 6.38, 12.53, 6.44, 6.15, 13.56, 6.77, 6.63, 5.28, 6.44, 8.1, 6.9, 6.58, 9.53, 7.02, 7.0, 7.15, 7.87, 11.01, 10.83, 7.09, 7.11, 8.56, 6.42, 7.37, 8.83, 8.43, 6.78, 6.63, 7.06, 8.5, 7.51, 6.94, 7.68, 15.65
7.62, 11.73, 5.66, 17.03, 7.76, 7.76, 4.0, 15.46, 6.98, 5.71, 7.47, 7.53, 14.18, 5.49, 6.79, 5.92, 5.33, 10.59, 5.21, 6.12, 7.98, 5.67, 5.04, 9.16, 8.31, 6.1, 7.25, 24.43, 5.67, 4.89, 16.26, 7.38, 7.29, 6.27, 5.03, 4.95, 11.82, 4.46, 0.0, 8.67, 4.81, 6.03, 4.25, 7.33, 6.89, 5.42, 4.45, 12.91, 5.66, 5.95, 5.34, 7.11, 5.0, 6.0, 5.06, 15.94, 5.92, 5.48, 5.17, 7.15, 5.47, 5.93, 5.83, 13.43, 8.89, 6.31, 5.56, 6.84, 5.11, 5.6, 4.58, 8.93, 7.15, 6.02, 5.76, 7.97, 7.23, 6.39, 5.85, 12.53, 6.45, 6.53, 6.22, 12.45, 6.96, 23.24, 6.74, 10.09, 6.17, 6.12, 5.92, 7.47, 6.53, 7.43, 6.13, 13.18, 7.0, 6.26, 6.22, 7.61, 6.1, 6.35, 5.39, 9.06, 6.37, 7.0, 6.42, 7.67, 7.1, 6.75, 8.97, 11.62, 7.24, 6.94, 7.62, 7.81, 6.61, 7.35, 6.93, 9.35, 9.11, 6.83, 6.69, 8.22, 6.99, 7.15, 7.73, 14.41
10.32, 8.43, 10.24, 8.87, 11.12, 9.1, 10.26, 4.47, 9.63, 8.09, 13.85, 6.43, 8.7, 8.27, 8.54, 5.33, 11.68, 7.97, 10.45, 7.67, 9.47, 8.67, 11.16, 4.53, 9.39, 7.92, 9.53, 7.94, 8.52, 7.67, 11.96, 5.5, 10.25, 8.36, 9.86, 5.62, 9.2, 9.36, 8.67, 0.0, 4.56, 4.08, 5.54, 4.48, 6.38, 4.92, 5.25, 5.27, 8.44, 5.16, 5.95, 8.18, 8.28, 5.32, 8.22, 4.65, 5.43, 5.28, 5.06, 5.09, 5.57, 6.72, 9.39, 7.15, 6.08, 6.07, 6.12, 5.12, 5.3, 6.39, 7.5, 4.62, 7.73, 14.68, 27.98, 6.07, 5.8, 7.28, 10.85, 6.49, 29.87, 28.36, 8.29, 6.43, 5.56, 12.39, 8.74, 5.95, 6.72, 6.64, 7.92, 5.56, 6.48, 5.87, 12.8, 7.35, 7.58, 7.11, 7.95, 7.26, 6.47, 6.86, 7.98, 5.48, 6.48, 6.37, 6.91, 6.4, 6.98, 9.49, 7.44, 6.84, 7.11, 6.73, 7.65, 7.08, 9.34, 6.92, 9.2, 7.03, 7.08, 6.53, 7.88, 6.97, 7.57, 10.72, 9.55, 9.11
5.52, 6.04, 5.6, 9.5, 5.69, 5.42, 5.47, 6.95, 4.55, 5.8, 6.88, 6.59, 5.25, 28.96, 6.75, 5.51, 5.43, 10.23, 6.3, 7.49, 10.17, 6.03, 5.63, 5.43, 4.73, 11.78, 5.71, 5.35, 5.11, 5.01, 5.69, 6.59, 6.38, 5.6, 5.17, 103.38, 4.32, 4.88, 4.81, 4.56, 0.0, 5.07, 5.14, 7.49, 4.44, 7.54, 8.72, 11.26, 4.36, 5.97, 6.79, 6.68, 5.01, 5.62, 6.29, 9.72, 4.92, 6.11, 5.79, 7.2, 4.98, 6.13, 6.34, 13.73, 5.29, 5.95, 8.88, 6.76, 6.03, 5.78, 25.53, 11.48, 4.41, 6.16, 12.11, 11.02, 7.16, 6.21, 6.71, 13.58, 11.34, 11.32, 9.39, 7.99, 7.43, 6.58, 6.56, 10.09, 6.0, 7.69, 6.23, 7.35, 7.45, 6.28, 7.28, 12.46, 6.2, 6.91, 7.59, 7.51, 8.24, 8.7, 7.63, 10.02, 5.43, 9.53, 6.7, 8.15, 6.51, 8.39, 7.36, 11.13, 6.63, 6.93, 9.48, 7.8, 6.56, 7.66, 7.7, 9.81, 6.94, 7.7, 7.49, 8.17, 7.08, 7.35, 7.93, 14.44
6.92, 5.33, 6.15, 5.09, 6.86, 5.29, 5.59, 5.94, 7.6, 4.92, 5.87, 5.27, 6.35, 5.34, 5.95, 5.98, 5.8, 5.56, 6.18, 6.47, 6.81, 5.16, 5.97, 6.24, 6.3, 4.42, 5.99, 5.37, 5.96, 5.13, 5.62, 5.8, 11.13, 4.58, 6.01, 5.21, 6.9, 4.32, 6.03, 4.08, 5.07, 0.0, 4.1, 5.32, 6.42, 6.23, 10.95, 12.76, 5.12, 5.2, 86.05, 6.69, 11.91, 9.86, 32.47, 11.27, 6.31, 4.41, 5.91, 6.86, 6.4, 7.33, 8.06, 14.96, 19.02, 5.72, 12.65, 14.18, 5.15, 5.32, 9.0, 9.45, 6.76, 4.67, 5.28, 6.84, 6.27, 5.67, 6.15, 10.24, 5.54, 9.12, 10.83, 7.01, 13.22, 6.9, 6.55, 9.13, 7.72, 5.58, 7.53, 7.27, 7.0, 11.59, 9.32, 11.48, 6.74, 8.86, 7.44, 7.23, 10.16, 6.26, 6.14, 7.68, 6.23, 5.29, 7.07, 8.35, 6.76, 6.74, 7.0, 10.1, 7.02, 8.28, 14.46, 6.86, 7.18, 6.46, 7.17, 8.29, 9.31, 6.51, 6.35, 7.0, 7.09, 6.47, 7.96, 14.78
6.46, 5.17, 5.19, 5.59, 5.82, 7.77, 5.4, 6.03, 6.12, 7.63, 4.8, 5.79, 9.44, 10.48, 5.19, 6.28, 7.27, 6.09, 5.56, 6.4, 7.11, 6.17, 5.23, 7.73, 12.09, 6.77, 4.6, 10.97, 5.59, 5.21, 5.47, 5.88, 6.61, 5.62, 5.1, 5.93, 5.2, 5.1, 4.25, 5.54, 5.14, 4.1, 0.0, 6.59, 4.27, 5.67, 4.8, 12.0, 6.2, 6.16, 4.5, 8.79, 6.16, 5.4, 6.84, 9.98, 10.67, 5.69, 4.34, 6.78, 5.93, 5.56, 5.43, 14.03, 6.53, 6.76, 10.25, 7.51, 5.01, 30.12, 11.87, 9.33, 5.34, 5.76, 4.7, 7.0, 5.59, 7.86, 6.38, 11.35, 5.86, 6.18, 5.52, 7.11, 9.98, 6.3, 6.84, 10.18, 10.05, 6.06, 5.71, 8.96, 6.6, 6.17, 6.22, 13.56, 6.58, 6.92, 6.57, 7.22, 6.47, 6.33, 7.39, 10.06, 6.98, 6.23, 5.34, 7.64, 6.58, 6.71, 6.76, 11.76, 7.76, 6.68, 7.07, 7.6, 6.64, 7.72, 6.76, 9.76, 7.43, 6.52, 6.3, 7.67, 6.72, 8.35, 8.29, 15.13
8.36, 6.21, 7.37, 6.77, 7.98, 6.96, 8.04, 19.47, 7.56, 7.76, 7.75, 5.09, 7.83, 7.02, 6.86, 5.36, 6.91, 6.61, 7.09, 5.65, 7.54, 6.75, 8.25, 5.56, 8.35, 6.37, 7.7, 4.88, 7.76, 6.36, 7.06, 7.22, 7.7, 6.02, 7.98, 4.28, 7.35, 6.06, 7.33, 4.48, 7.49, 5.32, 6.59, 0.0, 4.03, 4.61, 6.33, 10.22, 4.8, 5.75, 7.45, 4.36, 4.98, 7.47, 5.43, 6.3, 6.54, 4.88, 5.48, 4.29, 5.78, 5.69, 5.28, 10.93, 15.4, 5.35, 6.33, 4.83, 9.71, 5.9, 7.46, 7.21, 5.71, 5.17, 7.73, 6.75, 7.81, 5.74, 6.01, 8.98, 6.16, 5.36, 13.37, 5.96, 5.65, 7.18, 9.09, 6.78, 8.1, 5.88, 5.6, 5.38, 5.63, 6.08, 6.39, 8.96, 6.39, 5.98, 6.51, 6.81, 5.46, 8.56, 7.43, 6.69, 8.67, 6.31, 7.71, 5.51, 6.35, 9.22, 6.77, 8.0, 7.31, 6.37, 8.94, 7.29, 39.22, 7.06, 17.82, 6.87, 6.99, 6.72, 6.28, 6.27, 6.36, 6.94, 8.68, 12.06
5.13, 6.69, 6.82, 5.43, 33.35, 6.96, 8.94, 16.4, 5.31, 8.24, 5.44, 5.97, 4.94, 7.87, 5.21, 5.8, 5.52, 5.74, 5.35, 6.0, 5.79, 5.93, 6.67, 28.75, 6.28, 5.45, 6.05, 12.45, 4.8, 5.25, 5.46, 6.34, 6.15, 5.46, 6.19, 13.21, 4.23, 5.57, 6.89, 6.38, 4.44, 6.42, 4.27, 4.03, 0.0, 7.75, 4.87, 11.98, 5.13, 7.42, 6.12, 7.8, 4.79, 7.62, 6.39, 9.11, 6.75, 5.25, 5.26, 7.0, 4.37, 5.66, 5.66, 13.48, 5.7, 5.57, 5.62, 6.31, 4.92, 5.41, 5.42, 8.74, 5.58, 5.97, 5.71, 7.3, 4.57, 6.33, 7.62, 11.9, 7.2, 9.05, 7.72, 6.93, 5.35, 6.61, 6.14, 8.75, 5.99, 6.08, 5.75, 7.06, 5.69, 6.09, 7.1, 13.41, 6.33, 6.76, 6.07, 11.78, 5.82, 5.99, 6.95, 8.61, 6.37, 7.39, 6.72, 7.5, 5.4, 7.18, 8.49, 12.13, 10.99, 7.33, 7.38, 7.46, 6.48, 7.05, 8.05, 9.57, 6.61, 7.14, 6.88, 7.87, 6.76, 8.08, 7.78, 15.41
5.69, 8.24, 6.02, 5.08, 9.0, 6.43, 5.8, 9.4, 6.95, 8.09, 8.14, 5.94, 17.99, 4.79, 6.14, 5.85, 5.57, 6.99, 6.89, 6.57, 5.94, 5.07, 6.0, 5.42, 5.42, 7.22, 6.4, 5.73, 7.96, 4.8, 5.46, 4.7, 7.88, 5.08, 5.81, 6.33, 6.35, 5.52, 5.42, 4.92, 7.54, 6.23, 5.67, 4.61, 7.75, 0.0, 4.02, 8.97, 5.11, 6.22, 20.61, 5.95, 9.05, 4.24, 9.23, 8.49, 4.79, 5.72, 5.56, 6.39, 6.52, 4.82, 5.39, 12.09, 5.39, 5.09, 5.04, 5.88, 5.34, 5.02, 5.6, 7.72, 6.52, 5.89, 5.93, 6.46, 6.06, 4.55, 6.11, 10.34, 6.07, 5.93, 6.0, 13.96, 8.86, 5.63, 6.26, 12.66, 8.13, 5.54, 6.05, 7.37, 6.64, 6.42, 7.08, 11.74, 6.98, 5.32, 5.95, 7.13, 6.43, 6.08, 6.28, 8.56, 6.94, 6.39, 6.78, 7.8, 7.71, 5.32, 6.93, 10.37, 6.6, 5.98, 6.4, 6.77, 8.32, 6.51, 6.35, 7.98, 6.51, 6.65, 7.7, 7.8, 9.51, 6.79, 7.8, 13.55
5.21, 6.38, 6.11, 8.14, 14.15, 14.31, 5.55, 10.05, 8.3, 7.02, 10.06, 10.73, 20.26, 5.73, 5.33, 9.03, 6.26, 8.24, 6.91, 9.3, 7.36, 5.59, 5.35, 8.37, 6.69, 18.06, 7.66, 21.39, 28.52, 6.22, 4.94, 6.48, 7.89, 7.35, 5.17, 9.11, 6.47, 5.57, 4.45, 5.25, 8.72, 10.95, 4.8, 6.33, 4.87, 4.02, 0.0, 10.53, 4.31, 6.3, 4.71, 6.77, 5.4, 5.74, 4.66, 9.07, 4.9, 5.72, 5.03, 7.92, 5.42, 5.74, 5.19, 13.26, 4.79, 5.58, 5.21, 6.69, 5.08, 5.54, 5.21, 8.8, 6.32, 6.26, 6.07, 9.32, 5.96, 5.62, 4.47, 11.75, 5.81, 6.28, 6.3, 10.37, 5.47, 6.28, 6.01, 8.74, 5.67, 6.17, 6.06, 8.02, 7.08, 6.63, 6.12, 12.78, 5.98, 34.83, 8.24, 7.61, 6.0, 7.96, 7.73, 9.51, 6.36, 6.38, 6.61, 8.07, 6.4, 6.4, 5.66, 11.14, 6.36, 6.43, 6.35, 7.04, 6.89, 6.94, 7.15, 9.3, 12.06, 6.96, 7.37, 7.52, 6.95, 7.18, 7.5, 13.25
13.1, 10.77, 12.95, 10.84, 13.64, 14.48, 15.53, 6.13, 11.7, 10.88, 14.72, 8.72, 11.52, 11.31, 11.72, 6.43, 12.01, 12.82, 13.58, 8.58, 14.95, 10.65, 11.32, 8.51, 11.27, 13.27, 11.61, 9.71, 10.87, 10.47, 10.85, 4.47, 11.88, 9.94, 12.14, 8.41, 11.91, 10.24, 12.91, 5.27, 11.26, 12.76, 12.0, 10.22, 11.98, 8.97, 10.53, 0.0, 4.35, 4.36, 5.94, 4.01, 4.68, 4.94, 7.22, 4.09, 4.77, 5.82, 5.94, 4.68, 5.0, 5.25, 5.59, 5.37, 4.73, 5.14, 5.83, 5.3, 5.65, 6.6, 5.83, 5.34, 5.5, 9.21, 8.44, 8.39, 5.87, 6.45, 21.97, 4.77, 5.78, 5.06, 6.66, 5.16, 5.7, 6.37, 5.97, 5.74, 5.7, 7.28, 6.69, 7.5, 10.01, 8.83, 7.05, 5.91, 22.85, 6.0, 6.29, 6.24, 6.84, 7.24, 6.54, 6.04, 12.21, 6.58, 8.73, 6.66, 6.65, 7.32, 6.75, 5.47, 7.49, 6.2, 6.71, 5.99, 6.0, 8.1, 7.21, 6.35, 6.77, 6.92, 8.36, 8.7, 6.49, 7.15, 7.31, 7.02
4.74, 7.06, 7.11, 24.95, 7.16, 52.22, 10.09, 14.21, 5.6, 7.25, 6.39, 8.89, 10.4, 9.76, 6.75, 7.42, 7.98, 9.37, 8.18, 5.47, 13.14, 4.95, 6.4, 6.17, 5.03, 8.09, 6.44, 6.82, 5.7, 5.98, 6.94, 5.26, 4.5, 8.1, 5.88, 7.49, 5.18, 6.97, 5.66, 8.44, 4.36, 5.12, 6.2, 4.8, 5.13, 5.11, 4.31, 4.35, 0.0, 4.71, 4.25, 7.54, 5.46, 5.86, 5.17, 9.0, 4.57, 5.86, 5.45, 6.99, 5.06, 5.88, 6.5, 12.83, 4.08, 6.17, 5.18, 7.73, 5.92, 6.07, 5.82, 9.0, 5.4, 5.66, 6.19, 7.46, 5.75, 5.81, 6.08, 11.6, 4.66, 5.5, 5.43, 6.52, 5.41, 6.8, 6.32, 8.99, 5.78, 6.46, 6.53, 7.27, 5.89, 8.32, 7.27, 12.96, 5.53, 8.35, 8.11, 9.09, 6.2, 6.25, 6.9, 9.4, 6.43, 7.06, 6.28, 7.79, 8.15, 6.33, 7.19, 11.38, 5.39, 6.03, 6.17, 7.1, 6.36, 9.74, 7.92, 9.29, 7.28, 7.83, 7.01, 7.87, 6.59, 7.03, 8.97, 14.43
9.69, 7.57, 7.41, 14.82, 10.36, 5.31, 8.88, 5.62, 6.33, 6.66, 6.19, 5.13, 7.46, 10.94, 6.04, 7.55, 6.19, 6.68, 5.75, 5.91, 6.27, 5.31, 5.39, 5.14, 6.66, 5.79, 5.86, 5.2, 8.59, 5.34, 5.75, 6.11, 25.03, 4.34, 5.49, 11.59, 6.12, 5.23, 5.95, 5.16, 5.97, 5.2, 6.16, 5.75, 7.42, 6.22, 6.3, 4.36, 4.71, 0.0, 3.89, 5.92, 6.46, 4.42, 5.3, 11.25, 6.49, 4.75, 5.51, 6.06, 5.2, 5.7, 6.2, 11.93, 5.32, 5.0, 5.5, 5.87, 5.45, 5.72, 6.57, 7.52, 5.66, 6.08, 6.04, 9.48, 6.56, 6.34, 6.9, 9.86, 5.49, 4.63, 5.72, 6.51, 5.82, 5.56, 5.92, 7.87, 5.95, 6.36, 6.26, 6.46, 6.23, 6.37, 7.46, 11.18, 6.05, 5.8, 6.11, 6.94, 6.61, 6.83, 6.93, 7.94, 6.37, 6.31, 7.14, 7.21, 6.84, 6.85, 7.0, 9.88, 7.56, 5.39, 6.13, 6.94, 9.74, 7.14, 7.51, 8.18, 8.83, 7.05, 7.65, 7.41, 8.67, 7.44, 8.73, 13.73
19.54, 9.21, 6.56, 6.89, 6.84, 6.67, 22.44, 24.01, 5.93, 6.47, 8.61, 5.45, 15.36, 16.58, 8.87, 6.4, 5.99, 7.47, 5.14, 7.39, 7.68, 5.17, 5.1, 8.56, 5.72, 5.6, 5.51, 9.67, 5.98, 5.26, 12.3, 5.35, 13.69, 5.61, 4.69, 11.86, 28.64, 4.95, 5.34, 5.95, 6.79, 86.05, 4.5, 7.45, 6.12, 20.61, 4.71, 5.94, 4.25, 3.89, 0.0, 6.92, 4.67, 6.71, 5.51, 8.59, 5.18, 6.94, 4.92, 6.95, 5.4, 5.89, 6.27, 13.4, 4.82, 5.82, 5.3, 6.33, 5.88, 7.25, 6.0, 9.54, 5.43, 6.58, 5.74, 8.36, 5.92, 6.33, 5.7, 11.17, 5.46, 5.93, 4.79, 7.42, 5.54, 7.33, 6.91, 9.06, 5.96, 6.6, 6.06, 7.31, 6.28, 6.64, 6.75, 13.05, 6.34, 6.25, 5.91, 7.52, 6.47, 6.93, 6.57, 10.63, 6.95, 6.75, 6.56, 8.25, 7.56, 7.05, 6.75, 11.48, 7.16, 6.45, 5.41, 7.8, 7.45, 7.06, 7.08, 12.12, 7.09, 7.28, 7.01, 7.6, 8.48, 7.28, 8.51, 14.82
