0.0, 1.34, 0.31, 0.82, 2.55, 0.16, 0.56, 0.28, 0.14, 4.8, 0.28, 1.29, 5.02, 0.45, 19.53, 1.1, 1.17, 22.01, 24.39, 0.92, 0.17, 1.59, 3.37, 0.48, 0.15, 0.36, 2.02, 0.23, 0.38, 1.45, 0.91, 0.34, 0.09, 0.27, 0.17, 0.28, 0.11, 1.14, 1.71, 0.28, 0.35, 0.58, 0.55, 0.29, 0.19, 0.28, 0.32, 1.56, 0.14, 3.23, 13.66, 0.71, 0.6, 2.49, 2.06, 0.76, 0.15, 0.2, 1.8, 3.95, 1.14, 0.63, 0.17, 0.91, 0.1, 2.45, 0.72, 0.2, 0.36, 0.47, 2.82, 0.24, 0.11, 1.59, 2.59, 0.36, 0.14, 1.52, 5.44, 0.29, 0.14, 8.18, 7.17, 1.68, 38.29, 4.19, 24.06, 0.25, 1.06, 2.47, 3.12, 0.46, 0.84, 0.31, 2.48, 0.31, 0.07, 1.51, 2.29, 0.42, 0.22, 1.04, 0.36, 0.75, 0.14, 0.26, 0.64, 0.19, 0.75, 0.4, 0.43, 3.68, 0.14, 0.73, 1.31, 0.27, 0.15, 5.2, 2.35, 0.2, 1.92, 0.41, 3.39, 0.18, 0.16, 0.22, 1.51, 0.33
1.34, 0.0, 0.59, 0.34, 0.98, 0.72, 4.05, 0.59, 0.7, 0.08, 1.15, 4.01, 10.39, 1.92, 0.95, 0.59, 1.74, 2.12, 0.54, 1.13, 1.68, 0.66, 3.03, 0.54, 0.66, 0.61, 0.68, 0.59, 0.81, 0.59, 0.69, 0.86, 2.48, 3.9, 3.15, 0.56, 0.71, 0.51, 5.75, 0.71, 0.67, 0.58, 0.5, 0.45, 1.43, 2.5, 1.04, 1.07, 1.41, 1.3, 2.63, 0.8, 1.19, 0.72, 20.48, 0.7, 1.56, 0.6, 0.68, 2.59, 3.79, 0.69, 1.47, 0.51, 2.74, 0.08, 4.4, 0.6, 0.6, 3.25, 1.21, 0.72, 0.56, 0.53, 0.35, 0.54, 0.43, 3.84, 0.82, 2.12, 0.7, 5.73, 4.6, 0.88, 3.66, 1.47, 6.14, 2.95, 3.43, 0.54, 2.03, 0.51, 0.71, 0.85, 0.65, 0.67, 13.05, 0.11, 0.95, 3.39, 0.56, 0.57, 4.31, 1.65, 5.37, 0.56, 2.29, 0.6, 39.14, 2.19, 9.31, 0.79, 7.77, 0.43, 5.61, 5.75, 17.18, 6.6, 6.47, 0.81, 4.08, 0.08, 0.71, 0.59, 1.59, 2.72, 0.82, 0.27
0.31, 0.59, 0.0, 3.49, 0.31, 0.8, 0.31, 0.54, 0.43, 0.67, 0.11, 0.9, 0.68, 0.79, 0.44, 0.64, 0.54, 0.57, 0.34, 0.58, 0.65, 0.49, 0.56, 0.55, 0.67, 0.59, 0.55, 0.71, 0.64, 0.55, 0.6, 0.49, 0.38, 0.62, 0.11, 0.52, 0.56, 0.55, 0.68, 0.53, 0.52, 0.5, 0.54, 0.45, 1.46, 0.41, 0.6, 0.82, 1.82, 1.13, 0.87, 0.71, 1.83, 1.77, 0.63, 0.55, 0.56, 0.56, 0.5, 0.51, 3.72, 1.06, 1.5, 3.56, 1.08, 1.26, 0.82, 1.33, 0.8, 0.57, 0.61, 0.61, 0.74, 0.57, 0.49, 1.44, 1.1, 18.5, 7.24, 8.76, 18.56, 1.15, 0.99, 2.49, 0.87, 2.89, 2.35, 3.06, 0.94, 0.6, 0.5, 2.0, 0.91, 0.56, 0.59, 0.62, 0.69, 2.15, 0.16, 0.55, 0.5, 1.1, 0.82, 0.51, 0.65, 0.59, 0.52, 0.61, 0.57, 0.72, 0.72, 0.59, 0.99, 0.52, 0.62, 0.51, 0.51, 0.72, 0.62, 0.6, 0.59, 0.96, 0.1, 8.28, 0.62, 2.3, 0.51, 1.05
0.82, 0.34, 3.49, 0.0, 0.46, 0.76, 1.15, 0.4, 0.47, 0.52, 0.6, 0.11, 0.53, 2.52, 0.83, 0.74, 0.95, 0.59, 0.87, 0.11, 0.61, 0.49, 1.65, 0.75, 0.94, 0.58, 2.33, 0.49, 0.47, 0.54, 0.52, 6.49, 6.39, 1.16, 6.25, 0.1, 26.73, 3.16, 9.63, 2.63, 3.06, 0.52, 0.81, 1.63, 0.62, 0.44, 2.73, 1.38, 17.21, 7.96, 1.17, 0.53, 0.81, 4.48, 3.93, 0.56, 1.46, 0.91, 0.95, 0.54, 0.63, 0.94, 11.08, 0.91, 0.74, 6.87, 3.54, 0.1, 0.75, 4.48, 20.06, 0.69, 0.76, 3.71, 0.53, 0.43, 0.46, 1.21, 2.84, 2.84, 1.87, 5.66, 8.85, 0.51, 1.18, 2.61, 6.0, 1.45, 0.77, 0.44, 0.67, 0.57, 1.35, 10.77, 2.33, 0.68, 3.72, 15.13, 11.16, 0.04, 5.4, 5.66, 4.37, 0.43, 8.49, 8.13, 1.43, 1.77, 0.5, 0.94, 5.95, 0.55, 0.61, 0.93, 3.87, 0.14, 0.7, 0.67, 3.51, 1.71, 0.44, 11.12, 0.59, 0.12, 1.06, 1.75, 2.97, 0.4
2.55, 0.98, 0.31, 0.46, 0.0, 0.47, 2.66, 1.18, 1.07, 0.58, 0.59, 0.49, 0.11, 0.77, 1.0, 0.6, 0.65, 0.59, 1.35, 0.88, 0.53, 0.85, 7.53, 5.43, 7.81, 1.19, 8.71, 0.54, 0.45, 0.8, 3.07, 4.55, 3.48, 0.52, 4.55, 0.51, 0.1, 7.59, 1.64, 1.55, 0.52, 0.8, 0.74, 0.43, 28.49, 2.37, 7.16, 1.07, 1.3, 3.66, 0.85, 0.48, 0.66, 0.99, 4.03, 2.0, 73.78, 0.81, 4.34, 0.69, 0.36, 0.78, 8.45, 0.44, 2.29, 1.07, 3.44, 0.67, 0.1, 9.0, 0.99, 0.68, 0.5, 0.93, 17.01, 0.87, 1.48, 0.68, 1.13, 0.44, 1.03, 1.43, 2.4, 0.57, 0.48, 1.5, 96.47, 0.67, 0.52, 0.59, 0.76, 0.62, 0.51, 0.84, 0.63, 1.49, 0.63, 1.18, 0.65, 0.52, 0.08, 0.99, 1.44, 0.53, 0.78, 12.49, 14.06, 0.48, 1.24, 1.03, 3.19, 0.56, 1.91, 0.92, 3.03, 1.01, 1.41, 2.47, 1.82, 0.76, 0.37, 0.7, 0.79, 0.55, 0.13, 0.57, 2.98, 0.54
0.16, 0.72, 0.8, 0.76, 0.47, 0.0, 1.43, 0.48, 0.62, 0.13, 7.41, 5.74, 5.78, 0.27, 0.89, 4.59, 1.23, 2.36, 1.73, 2.34, 4.89, 0.1, 0.57, 1.23, 1.07, 0.51, 6.56, 0.77, 4.33, 0.53, 1.05, 1.8, 10.61, 0.81, 3.92, 1.5, 5.62, 0.04, 2.63, 0.66, 0.58, 0.57, 2.5, 0.6, 1.36, 1.5, 5.5, 2.69, 43.34, 0.52, 1.46, 9.47, 2.3, 0.47, 3.59, 2.27, 10.48, 0.5, 4.35, 1.16, 1.03, 0.58, 2.0, 1.19, 1.7, 1.1, 0.85, 0.64, 1.79, 0.1, 0.68, 1.43, 0.54, 0.46, 12.31, 4.11, 2.16, 1.37, 0.76, 3.17, 2.23, 75.11, 2.25, 3.34, 2.36, 0.46, 0.61, 3.13, 1.21, 0.51, 1.47, 0.99, 0.8, 0.5, 0.88, 1.84, 0.64, 0.43, 14.03, 1.01, 3.33, 0.1, 3.38, 14.37, 0.9, 0.56, 2.65, 0.53, 2.0, 1.79, 1.02, 0.55, 0.87, 0.49, 2.35, 0.63, 1.37, 0.11, 2.58, 0.87, 5.71, 0.7, 9.02, 0.57, 3.01, 3.58, 13.09, 0.71
0.56, 4.05, 0.31, 1.15, 2.66, 1.43, 0.0, 0.41, 0.74, 1.99, 0.44, 1.84, 0.99, 1.25, 0.88, 0.55, 3.71, 0.72, 0.73, 4.87, 0.97, 1.46, 0.37, 0.53, 0.42, 0.63, 1.39, 1.56, 0.53, 0.55, 0.49, 1.08, 4.44, 1.56, 1.02, 5.26, 2.57, 0.56, 0.07, 0.77, 0.61, 0.49, 0.47, 0.42, 3.48, 0.42, 0.51, 3.09, 3.48, 1.64, 13.54, 0.47, 0.74, 0.54, 0.51, 2.91, 1.82, 0.54, 0.48, 0.83, 2.61, 13.78, 0.53, 0.48, 1.07, 3.72, 1.08, 1.14, 2.71, 0.51, 0.1, 0.47, 2.59, 0.57, 0.65, 1.0, 0.83, 36.64, 0.49, 0.99, 1.47, 0.78, 1.38, 1.41, 2.84, 0.56, 0.56, 7.96, 1.69, 0.76, 0.7, 0.67, 1.62, 0.57, 0.5, 0.58, 2.18, 0.83, 0.51, 0.5, 1.13, 0.46, 0.12, 1.45, 0.95, 0.65, 0.97, 0.97, 1.35, 3.12, 2.02, 1.87, 0.68, 0.66, 0.63, 0.58, 10.82, 0.58, 0.11, 1.23, 0.91, 0.62, 0.52, 1.16, 1.01, 0.53, 0.17, 12.47
0.28, 0.59, 0.54, 0.4, 1.18, 0.48, 0.41, 0.0, 0.71, 2.86, 0.96, 1.29, 31.55, 23.79, 11.89, 1.46, 8.49, 4.04, 24.06, 0.59, 1.28, 3.77, 2.4, 0.11, 0.76, 6.86, 8.52, 0.72, 3.12, 0.68, 2.22, 0.6, 0.97, 1.73, 1.53, 0.53, 15.7, 0.91, 9.42, 0.08, 1.15, 0.73, 0.74, 13.97, 7.39, 2.46, 2.83, 0.55, 5.91, 0.59, 14.57, 12.77, 2.82, 2.17, 2.31, 0.65, 0.86, 1.22, 8.02, 0.53, 0.45, 2.13, 2.3, 0.55, 3.9, 3.73, 6.81, 0.67, 2.87, 0.56, 0.69, 0.08, 0.66, 0.52, 0.44, 0.52, 0.45, 1.25, 2.04, 0.5, 3.51, 1.53, 0.96, 1.88, 0.98, 1.12, 3.98, 0.55, 0.85, 4.36, 12.94, 0.59, 12.03, 15.94, 3.98, 0.57, 1.84, 4.1, 12.93, 0.64, 28.48, 7.15, 4.33, 0.06, 2.61, 0.81, 3.13, 0.96, 9.62, 14.52, 6.27, 0.55, 0.72, 7.6, 7.0, 0.56, 1.55, 2.87, 4.04, 0.09, 6.6, 0.52, 35.2, 0.54, 0.61, 1.33, 6.18, 2.0
0.14, 0.7, 0.43, 0.47, 1.07, 0.62, 0.74, 0.71, 0.0, 0.21, 42.06, 0.49, 0.11, 3.6, 6.01, 0.52, 0.13, 3.56, 9.56, 1.32, 0.58, 0.97, 2.05, 0.45, 0.11, 1.65, 2.31, 2.5, 0.52, 1.21, 0.88, 25.41, 0.84, 4.23, 0.54, 0.46, 0.45, 0.67, 1.11, 0.52, 0.12, 1.41, 0.66, 0.37, 0.46, 0.69, 1.43, 0.63, 0.41, 0.52, 0.53, 0.43, 0.49, 0.64, 0.74, 0.7, 0.54, 0.57, 0.93, 0.48, 0.54, 3.41, 1.02, 0.45, 0.49, 2.53, 0.67, 0.6, 0.55, 1.33, 1.12, 0.43, 0.07, 4.42, 0.4, 1.98, 8.09, 3.71, 2.98, 2.52, 1.65, 4.81, 8.26, 1.6, 0.46, 1.09, 8.56, 0.56, 0.51, 12.27, 0.48, 0.86, 0.64, 0.98, 0.99, 0.54, 0.56, 18.16, 0.98, 0.65, 0.59, 0.94, 1.73, 0.42, 0.09, 1.17, 0.96, 0.54, 0.51, 4.16, 4.03, 0.55, 0.66, 7.68, 4.81, 0.47, 0.58, 0.55, 15.78, 0.41, 0.09, 0.48, 0.6, 1.15, 0.5, 0.46, 0.75, 0.61
4.8, 0.08, 0.67, 0.52, 0.58, 0.13, 1.99, 2.86, 0.21, 0.0, 0.68, 2.09, 1.72, 0.99, 0.78, 3.03, 6.18, 1.26, 0.54, 4.46, 6.48, 13.94, 12.37, 2.04, 2.35, 0.09, 0.59, 3.65, 1.24, 1.37, 1.28, 2.05, 2.52, 1.09, 7.77, 0.7, 0.91, 0.54, 0.63, 0.67, 0.64, 0.09, 1.96, 1.06, 2.09, 2.1, 1.08, 1.07, 1.32, 0.98, 0.72, 1.19, 2.01, 0.51, 1.51, 0.66, 4.82, 0.5, 0.51, 1.31, 1.66, 0.56, 0.67, 0.4, 0.87, 0.55, 0.62, 0.55, 5.46, 0.74, 21.41, 0.49, 1.22, 0.12, 0.46, 0.79, 0.37, 2.19, 7.95, 1.59, 1.33, 0.58, 0.73, 1.24, 0.52, 0.63, 0.78, 0.72, 0.52, 0.51, 0.72, 0.58, 3.72, 21.91, 26.6, 2.27, 1.14, 3.41, 18.26, 0.49, 6.42, 1.76, 9.08, 0.43, 2.78, 0.09, 6.39, 2.04, 2.55, 2.43, 5.42, 2.28, 3.77, 1.88, 3.59, 2.66, 2.27, 3.37, 2.2, 8.28, 1.79, 0.1, 1.95, 0.58, 0.67, 0.68, 0.61, 0.46
0.28, 1.15, 0.11, 0.6, 0.59, 7.41, 0.44, 0.96, 42.06, 0.68, 0.0, 0.26, 0.16, 1.13, 1.03, 5.41, 11.41, 0.52, 1.12, 2.12, 5.2, 0.8, 6.63, 1.46, 1.87, 0.51, 0.09, 0.52, 0.59, 0.48, 0.76, 6.43, 3.88, 0.56, 0.73, 1.88, 0.81, 0.73, 1.52, 2.89, 0.81, 0.55, 0.1, 0.47, 0.51, 1.61, 4.28, 2.7, 0.54, 0.58, 2.51, 0.73, 1.44, 2.03, 1.69, 1.94, 1.85, 0.55, 0.52, 0.54, 0.71, 0.52, 0.61, 1.21, 0.62, 0.66, 0.55, 0.64, 0.51, 0.49, 2.5, 0.91, 0.58, 0.45, 0.08, 0.57, 1.21, 0.55, 0.69, 0.83, 1.67, 0.47, 0.65, 0.59, 0.56, 0.91, 0.56, 3.94, 0.92, 0.5, 0.48, 0.56, 1.13, 0.64, 1.08, 0.69, 3.47, 0.43, 0.53, 0.55, 3.06, 0.93, 1.51, 3.44, 0.6, 0.59, 0.1, 0.53, 0.49, 0.91, 34.36, 1.28, 0.84, 1.22, 1.16, 3.2, 7.14, 0.73, 2.29, 0.77, 0.93, 1.46, 0.1, 0.92, 1.26, 0.55, 1.47, 7.79
1.29, 4.01, 0.9, 0.11, 0.49, 5.74, 1.84, 1.29, 0.49, 2.09, 0.26, 0.0, 0.14, 21.05, 16.76, 1.9, 2.63, 8.64, 5.37, 0.13, 0.7, 18.52, 8.73, 0.82, 2.03, 6.13, 0.7, 0.11, 0.68, 0.69, 0.55, 0.37, 2.2, 0.58, 0.63, 0.51, 0.54, 0.77, 1.12, 0.59, 0.99, 0.48, 0.61, 0.25, 0.54, 0.72, 5.3, 0.88, 3.53, 0.49, 0.58, 0.52, 1.27, 0.58, 2.09, 0.57, 0.54, 0.6, 0.53, 0.51, 0.47, 0.59, 0.5, 1.74, 0.86, 0.66, 7.26, 4.44, 2.41, 2.59, 2.18, 0.51, 2.72, 6.73, 0.98, 0.08, 0.51, 1.0, 3.64, 0.73, 6.75, 16.49, 0.48, 0.52, 1.22, 0.47, 0.63, 0.58, 0.56, 0.53, 0.56, 0.52, 1.36, 7.04, 5.2, 0.52, 3.78, 1.32, 16.94, 0.65, 2.24, 2.52, 22.82, 0.42, 0.77, 0.55, 0.81, 0.14, 3.32, 0.65, 4.11, 6.21, 15.05, 0.58, 0.59, 0.49, 0.68, 1.16, 1.32, 0.57, 0.7, 0.53, 1.2, 0.08, 1.98, 0.53, 0.6, 0.53
5.02, 10.39, 0.68, 0.53, 0.11, 5.78, 0.99, 31.55, 0.11, 1.72, 0.16, 0.14, 0.0, 1.64, 0.63, 0.62, 0.13, 1.02, 0.53, 0.42, 0.93, 0.68, 0.59, 4.27, 0.5, 1.05, 3.79, 6.21, 1.27, 1.0, 3.94, 0.51, 0.45, 1.23, 4.75, 0.57, 0.51, 0.69, 8.34, 0.55, 0.45, 0.62, 2.32, 0.54, 0.17, 8.95, 11.98, 0.63, 4.97, 1.4, 7.45, 0.51, 0.69, 4.32, 2.61, 0.66, 0.57, 2.17, 0.77, 0.56, 0.46, 1.04, 2.16, 5.57, 0.57, 3.31, 0.58, 0.53, 0.59, 0.59, 1.1, 2.48, 1.77, 0.96, 0.83, 1.08, 0.11, 1.48, 16.73, 4.67, 0.73, 0.63, 0.45, 0.56, 1.06, 1.98, 8.11, 1.04, 0.61, 0.55, 1.11, 0.89, 0.55, 4.29, 1.31, 0.57, 0.56, 1.61, 0.58, 8.12, 0.5, 0.85, 2.1, 14.76, 2.46, 1.22, 0.55, 2.59, 0.08, 0.79, 0.74, 1.1, 0.69, 0.59, 9.32, 0.48, 0.56, 0.69, 1.34, 1.29, 1.34, 1.53, 1.03, 0.61, 0.11, 0.5, 5.59, 0.59
0.45, 1.92, 0.79, 2.52, 0.77, 0.27, 1.25, 23.79, 3.6, 0.99, 1.13, 21.05, 1.64, 0.0, 1.36, 3.0, 1.61, 0.25, 1.07, 0.51, 1.0, 0.84, 2.8, 0.5, 4.05, 0.54, 2.32, 0.54, 0.67, 0.11, 5.2, 2.45, 1.9, 0.66, 0.72, 0.69, 0.51, 1.24, 0.61, 0.47, 23.69, 0.44, 4.91, 1.09, 1.89, 0.12, 0.5, 0.72, 2.89, 4.42, 10.85, 1.81, 0.84, 10.44, 0.77, 2.09, 5.07, 0.55, 25.74, 17.94, 0.78, 0.53, 0.61, 12.37, 9.83, 1.24, 2.38, 1.31, 10.75, 0.49, 1.79, 0.52, 1.64, 0.59, 1.09, 0.69, 2.01, 0.17, 2.51, 1.69, 5.75, 4.97, 2.17, 1.28, 2.0, 0.68, 2.58, 0.79, 8.38, 1.81, 0.88, 0.62, 0.71, 0.57, 1.17, 4.08, 1.2, 0.63, 3.33, 0.39, 0.48, 0.48, 0.83, 0.38, 0.73, 0.77, 5.86, 0.58, 0.55, 0.24, 1.17, 3.36, 1.08, 1.73, 3.42, 2.68, 0.96, 3.88, 1.77, 1.76, 3.11, 0.65, 0.7, 1.02, 1.25, 0.09, 0.86, 0.52
19.53, 0.95, 0.44, 0.83, 1.0, 0.89, 0.88, 11.89, 6.01, 0.78, 1.03, 16.76, 0.63, 1.36, 0.0, 0.32, 2.28, 0.47, 0.69, 11.92, 3.08, 23.08, 6.76, 1.66, 37.61, 0.53, 0.45, 0.88, 0.55, 0.47, 0.11, 0.43, 2.48, 1.65, 0.59, 0.56, 0.49, 0.54, 1.93, 0.53, 1.53, 0.46, 0.41, 0.42, 0.47, 0.52, 0.31, 0.64, 0.68, 0.49, 2.31, 0.48, 0.84, 1.13, 0.73, 0.67, 0.57, 0.51, 0.5, 0.94, 0.44, 0.52, 0.54, 0.49, 0.48, 0.65, 0.56, 0.48, 0.55, 0.97, 1.1, 0.65, 0.5, 0.51, 0.39, 0.54, 0.46, 0.64, 0.1, 0.68, 0.72, 0.56, 0.91, 2.72, 0.87, 3.93, 0.51, 0.53, 2.14, 3.19, 0.48, 0.58, 1.46, 0.54, 0.42, 0.68, 0.55, 0.56, 4.75, 1.42, 0.77, 0.47, 0.62, 0.46, 0.56, 0.48, 0.9, 0.99, 0.88, 0.48, 0.13, 0.89, 0.54, 0.44, 1.01, 1.89, 3.94, 0.66, 0.72, 1.09, 0.5, 0.47, 0.49, 0.55, 0.47, 0.44, 0.12, 1.35
1.1, 0.59, 0.64, 0.74, 0.6, 4.59, 0.55, 1.46, 0.52, 3.03, 5.41, 1.9, 0.62, 3.0, 0.32, 0.0, 1.27, 14.79, 1.52, 0.4, 0.52, 1.02, 4.22, 0.98, 0.63, 0.8, 0.61, 0.54, 8.84, 1.11, 1.69, 5.03, 1.66, 3.34, 3.17, 2.61, 0.64, 1.3, 0.76, 0.53, 0.59, 0.81, 1.04, 0.38, 0.63, 0.46, 2.5, 0.9, 1.36, 1.62, 0.66, 0.57, 0.75, 0.53, 0.96, 0.57, 0.69, 1.14, 19.81, 0.47, 0.39, 1.53, 0.53, 0.42, 0.6, 0.56, 0.48, 0.54, 1.36, 0.65, 2.28, 0.52, 0.58, 0.4, 0.44, 0.52, 0.38, 1.23, 1.38, 1.96, 26.87, 15.98, 7.64, 1.62, 1.09, 1.07, 2.14, 0.56, 0.77, 2.09, 1.11, 0.54, 0.56, 1.28, 0.78, 0.53, 0.52, 0.46, 0.55, 0.57, 0.63, 0.71, 1.34, 0.49, 1.03, 0.51, 0.64, 0.5, 0.94, 0.87, 0.8, 11.18, 0.96, 4.91, 8.23, 2.8, 11.44, 0.97, 5.95, 0.49, 2.2, 0.78, 0.55, 0.51, 0.65, 0.78, 9.96, 0.52
1.17, 1.74, 0.54, 0.95, 0.65, 1.23, 3.71, 8.49, 0.13, 6.18, 11.41, 2.63, 0.13, 1.61, 2.28, 1.27, 0.0, 0.87, 1.9, 0.43, 0.44, 1.47, 3.25, 0.48, 2.14, 1.31, 0.57, 0.97, 0.41, 0.99, 0.53, 0.74, 0.16, 0.57, 0.59, 1.18, 0.57, 0.56, 0.46, 2.22, 0.52, 0.44, 1.74, 0.44, 0.54, 0.38, 0.67, 0.65, 2.52, 0.65, 0.52, 0.57, 0.68, 0.62, 2.23, 0.46, 0.58, 0.56, 0.61, 0.48, 0.51, 0.48, 0.5, 0.42, 0.53, 30.74, 13.11, 0.48, 1.62, 0.61, 1.89, 0.6, 0.5, 1.22, 2.04, 0.5, 0.42, 0.89, 0.69, 0.49, 0.09, 0.69, 3.68, 0.51, 1.06, 1.26, 0.96, 1.42, 1.06, 0.62, 0.71, 0.63, 0.7, 1.05, 1.37, 0.54, 0.54, 0.53, 0.58, 0.68, 0.57, 2.55, 0.52, 5.74, 5.23, 0.64, 1.58, 0.59, 2.76, 3.12, 0.79, 0.97, 0.15, 1.71, 15.08, 21.29, 12.1, 10.39, 2.83, 0.75, 4.78, 0.46, 13.06, 0.64, 0.53, 1.99, 0.97, 2.09
22.01, 2.12, 0.57, 0.59, 0.59, 2.36, 0.72, 4.04, 3.56, 1.26, 0.52, 8.64, 1.02, 0.25, 0.47, 14.79, 0.87, 0.0, 1.93, 3.59, 1.48, 0.83, 1.24, 2.69, 8.98, 0.09, 0.58, 0.68, 8.5, 0.55, 5.25, 53.48, 6.54, 8.61, 0.73, 0.47, 9.71, 4.02, 4.55, 0.8, 3.59, 0.51, 0.63, 0.61, 0.54, 1.13, 1.49, 2.28, 2.22, 1.45, 1.51, 0.67, 8.23, 4.9, 5.65, 2.42, 10.21, 0.56, 4.91, 2.07, 6.64, 0.88, 10.33, 1.55, 2.83, 0.58, 1.45, 1.17, 0.7, 1.6, 5.0, 0.64, 1.89, 0.53, 1.72, 0.67, 1.13, 1.01, 0.8, 0.74, 1.28, 1.75, 3.39, 3.16, 0.95, 1.4, 0.56, 0.6, 0.83, 0.55, 0.57, 0.52, 5.68, 0.52, 0.5, 1.65, 0.57, 0.45, 0.54, 0.55, 1.99, 0.61, 0.6, 1.67, 0.98, 0.54, 0.55, 0.76, 0.75, 0.61, 1.21, 0.57, 0.97, 0.28, 0.63, 0.73, 0.55, 0.75, 3.14, 0.59, 0.87, 0.49, 0.52, 0.47, 0.58, 0.54, 1.12, 0.43
24.39, 0.54, 0.34, 0.87, 1.35, 1.73, 0.73, 24.06, 9.56, 0.54, 1.12, 5.37, 0.53, 1.07, 0.69, 1.52, 1.9, 1.93, 0.0, 0.41, 0.28, 0.96, 14.15, 129.41, 3.08, 0.5, 7.19, 0.57, 0.49, 0.59, 1.24, 3.23, 3.41, 1.8, 1.18, 0.62, 0.78, 0.47, 0.51, 1.32, 0.74, 0.59, 0.47, 0.4, 0.45, 0.77, 0.8, 2.13, 1.54, 0.48, 0.23, 3.31, 0.74, 2.53, 1.28, 1.05, 0.57, 0.58, 0.54, 0.52, 0.42, 0.83, 0.56, 1.08, 2.2, 0.62, 2.09, 0.99, 0.47, 0.48, 1.0, 0.72, 0.83, 0.53, 0.4, 0.46, 0.83, 0.64, 3.27, 0.48, 0.79, 0.69, 0.25, 2.35, 0.59, 1.05, 0.98, 1.66, 1.64, 0.48, 0.51, 0.88, 0.55, 0.8, 0.53, 0.48, 0.65, 0.45, 0.53, 0.56, 1.33, 0.44, 0.71, 0.43, 0.61, 0.53, 0.51, 2.3, 1.92, 2.78, 1.37, 1.13, 0.58, 0.43, 0.08, 0.53, 0.61, 0.62, 0.53, 0.54, 0.54, 0.54, 0.49, 0.93, 0.59, 0.63, 3.6, 0.47
0.92, 1.13, 0.58, 0.11, 0.88, 2.34, 4.87, 0.59, 1.32, 4.46, 2.12, 0.13, 0.42, 0.51, 11.92, 0.4, 0.43, 3.59, 0.41, 0.0, 0.61, 0.53, 3.92, 0.11, 9.71, 1.6, 2.5, 0.11, 1.13, 0.52, 0.81, 0.75, 1.85, 0.71, 2.67, 0.31, 0.62, 0.85, 0.76, 1.08, 1.08, 0.75, 0.6, 0.39, 0.52, 1.34, 2.22, 0.49, 0.36, 0.69, 1.87, 0.06, 0.48, 0.67, 0.98, 0.63, 0.74, 1.31, 1.57, 0.46, 0.39, 1.16, 0.82, 0.68, 0.86, 9.35, 1.41, 0.49, 0.49, 0.89, 0.86, 1.07, 0.83, 0.57, 0.59, 0.53, 0.58, 0.53, 0.83, 0.51, 0.48, 0.52, 0.44, 0.08, 0.94, 0.73, 0.45, 0.6, 28.23, 1.37, 19.71, 0.52, 0.89, 4.21, 4.26, 0.56, 3.87, 0.47, 0.95, 0.52, 0.47, 1.26, 3.52, 0.39, 0.56, 0.6, 1.26, 0.56, 7.61, 0.92, 0.97, 0.43, 0.53, 0.61, 0.95, 0.07, 0.62, 1.0, 0.88, 0.45, 0.72, 0.57, 1.96, 0.45, 0.64, 0.59, 0.51, 0.4
0.17, 1.68, 0.65, 0.61, 0.53, 4.89, 0.97, 1.28, 0.58, 6.48, 5.2, 0.7, 0.93, 1.0, 3.08, 0.52, 0.44, 1.48, 0.28, 0.61, 0.0, 1.6, 2.18, 0.61, 0.72, 0.72, 0.61, 1.86, 2.99, 0.75, 2.12, 14.59, 0.37, 0.87, 3.31, 0.48, 0.1, 2.4, 1.73, 0.51, 4.25, 0.54, 0.92, 0.39, 0.52, 0.37, 1.79, 3.06, 7.48, 0.62, 2.26, 0.57, 0.09, 1.49, 1.19, 1.58, 0.54, 1.23, 0.64, 0.58, 0.4, 0.94, 1.05, 0.45, 0.5, 0.63, 0.71, 0.5, 0.51, 1.01, 0.63, 0.95, 1.43, 0.86, 0.43, 0.52, 0.46, 0.54, 0.89, 0.39, 0.57, 0.7, 0.5, 0.58, 0.08, 0.55, 0.95, 0.51, 0.63, 0.52, 0.53, 0.55, 0.55, 0.58, 0.86, 0.69, 0.56, 0.44, 0.61, 5.21, 0.52, 2.24, 1.5, 1.02, 0.69, 0.49, 0.5, 0.61, 0.61, 0.66, 5.08, 0.52, 0.59, 0.59, 0.86, 0.5, 0.07, 0.59, 4.07, 0.5, 0.45, 0.51, 0.52, 0.54, 0.49, 0.53, 0.59, 0.7
1.59, 0.66, 0.49, 0.49, 0.85, 0.1, 1.46, 3.77, 0.97, 13.94, 0.8, 18.52, 0.68, 0.84, 23.08, 1.02, 1.47, 0.83, 0.96, 0.53, 1.6, 0.0, 0.12, 2.25, 7.3, 0.28, 1.03, 0.58, 0.78, 0.26, 0.48, 1.44, 0.47, 0.5, 0.67, 0.63, 0.52, 0.08, 0.58, 0.58, 0.93, 0.45, 0.82, 0.52, 0.64, 0.47, 0.59, 0.82, 0.45, 0.65, 0.48, 0.88, 0.69, 0.11, 0.63, 0.56, 0.53, 0.56, 0.81, 0.55, 0.54, 0.53, 0.6, 0.39, 0.53, 0.58, 0.61, 0.6, 0.75, 0.51, 0.45, 0.58, 0.67, 0.67, 0.5, 0.54, 0.47, 0.62, 0.85, 0.74, 1.44, 0.61, 0.95, 1.04, 1.7, 0.09, 0.7, 0.58, 0.82, 0.53, 1.89, 0.7, 0.7, 0.6, 0.49, 0.57, 1.03, 0.5, 1.04, 0.49, 0.96, 0.39, 0.56, 0.45, 3.43, 0.55, 0.58, 0.53, 3.37, 0.53, 0.58, 0.87, 0.59, 0.52, 1.06, 0.58, 0.94, 0.09, 0.53, 0.47, 0.54, 0.73, 1.29, 0.55, 0.65, 0.54, 0.64, 0.44
3.37, 3.03, 0.56, 1.65, 7.53, 0.57, 0.37, 2.4, 2.05, 12.37, 6.63, 8.73, 0.59, 2.8, 6.76, 4.22, 3.25, 1.24, 14.15, 3.92, 2.18, 0.12, 0.0, 0.53, 1.76, 0.66, 0.28, 0.83, 0.53, 0.74, 0.4, 0.42, 3.76, 0.47, 0.48, 0.53, 1.88, 0.57, 0.3, 1.52, 0.56, 0.49, 0.53, 0.76, 0.84, 0.4, 0.51, 0.56, 1.32, 0.44, 0.52, 0.55, 0.52, 0.61, 0.09, 0.52, 0.5, 0.56, 0.53, 0.65, 0.93, 0.51, 0.5, 0.47, 0.55, 0.57, 0.56, 1.51, 3.12, 0.55, 0.5, 0.74, 0.46, 0.56, 0.39, 0.49, 1.08, 5.66, 3.56, 38.44, 13.41, 16.77, 4.58, 0.53, 0.54, 2.1, 0.09, 0.55, 0.58, 0.6, 0.7, 0.68, 0.52, 0.5, 0.86, 0.49, 1.21, 0.68, 0.59, 1.35, 2.76, 0.41, 0.58, 0.73, 0.64, 0.88, 0.54, 0.88, 5.85, 1.45, 0.51, 0.58, 2.13, 0.58, 0.71, 0.52, 1.5, 0.55, 0.11, 4.8, 7.62, 0.55, 0.84, 0.54, 1.14, 2.07, 0.54, 0.44
0.48, 0.54, 0.55, 0.75, 5.43, 1.23, 0.53, 0.11, 0.45, 2.04, 1.46, 0.82, 4.27, 0.5, 1.66, 0.98, 0.48, 2.69, 129.41, 0.11, 0.61, 2.25, 0.53, 0.0, 0.77, 0.06, 0.64, 0.38, 0.81, 0.5, 0.8, 0.14, 1.13, 0.58, 0.56, 2.17, 4.6, 1.28, 3.33, 0.08, 0.56, 0.71, 1.4, 0.62, 21.92, 0.65, 2.64, 2.58, 0.88, 0.53, 2.88, 0.5, 0.6, 1.01, 0.77, 0.12, 0.76, 0.55, 0.66, 0.55, 0.35, 0.45, 1.64, 0.38, 0.62, 1.6, 4.13, 1.98, 1.61, 0.58, 2.05, 0.57, 0.52, 0.49, 0.5, 0.52, 4.76, 0.62, 3.72, 0.47, 0.88, 0.63, 0.45, 4.84, 3.89, 0.65, 1.35, 0.1, 0.49, 0.55, 0.98, 0.58, 1.25, 0.57, 1.03, 0.6, 0.57, 2.02, 22.44, 0.55, 32.85, 11.77, 4.55, 0.96, 0.49, 0.52, 0.94, 1.11, 1.47, 1.08, 8.85, 1.46, 0.96, 0.69, 1.66, 0.58, 9.39, 4.0, 2.75, 0.06, 0.68, 0.53, 0.89, 0.51, 5.99, 10.3, 2.13, 0.44
0.15, 0.66, 0.67, 0.94, 7.81, 1.07, 0.42, 0.76, 0.11, 2.35, 1.87, 2.03, 0.5, 4.05, 37.61, 0.63, 2.14, 8.98, 3.08, 9.71, 0.72, 7.3, 1.76, 0.77, 0.0, 0.14, 10.35, 0.63, 0.08, 0.58, 0.58, 0.53, 0.11, 0.6, 0.62, 0.53, 0.48, 1.68, 1.4, 0.56, 0.09, 0.52, 5.27, 1.39, 1.08, 0.41, 1.19, 0.55, 0.42, 1.17, 0.64, 4.44, 0.68, 0.77, 23.41, 0.49, 0.05, 0.62, 1.04, 0.56, 0.36, 1.07, 0.7, 0.46, 0.54, 0.79, 1.88, 0.52, 0.57, 1.46, 1.26, 1.36, 0.52, 1.76, 0.93, 0.57, 0.42, 0.66, 0.71, 0.4, 0.48, 1.05, 2.75, 0.53, 0.55, 0.59, 1.47, 0.58, 0.09, 0.51, 0.45, 1.49, 0.58, 0.9, 0.62, 0.6, 0.55, 4.09, 1.74, 0.5, 0.54, 3.02, 2.1, 0.45, 0.55, 1.77, 0.5, 0.51, 0.55, 0.52, 1.94, 0.59, 0.61, 0.59, 0.56, 0.59, 0.51, 0.82, 1.53, 0.51, 0.1, 0.71, 0.56, 0.49, 0.7, 0.6, 0.55, 0.46
0.36, 0.61, 0.59, 0.58, 1.19, 0.51, 0.63, 6.86, 1.65, 0.09, 0.51, 6.13, 1.05, 0.54, 0.53, 0.8, 1.31, 0.09, 0.5, 1.6, 0.72, 0.28, 0.66, 0.06, 0.14, 0.0, 0.47, 0.26, 2.87, 2.41, 2.09, 1.18, 18.41, 2.41, 4.29, 0.98, 0.98, 1.06, 1.13, 0.48, 5.75, 0.08, 1.1, 0.43, 0.62, 1.83, 11.32, 2.15, 1.63, 0.7, 0.55, 0.69, 9.5, 1.44, 3.66, 2.69, 1.29, 0.11, 0.93, 0.69, 2.03, 0.57, 0.78, 2.29, 1.88, 0.53, 3.06, 0.55, 0.75, 1.78, 1.92, 1.58, 1.0, 0.49, 1.56, 0.57, 2.36, 4.25, 0.74, 0.46, 0.5, 0.57, 12.42, 0.51, 1.07, 0.52, 1.21, 1.66, 0.81, 0.06, 0.55, 0.76, 1.7, 0.61, 0.82, 1.51, 0.91, 3.29, 1.94, 0.88, 20.62, 0.69, 5.46, 0.67, 11.96, 0.48, 0.66, 0.56, 1.46, 3.49, 0.64, 6.22, 24.41, 8.58, 2.59, 1.54, 0.96, 0.85, 2.09, 0.73, 0.58, 0.11, 0.58, 0.63, 0.89, 0.7, 0.9, 0.39
2.02, 0.68, 0.55, 2.33, 8.71, 6.56, 1.39, 8.52, 2.31, 0.59, 0.09, 0.7, 3.79, 2.32, 0.45, 0.61, 0.57, 0.58, 7.19, 2.5, 0.61, 1.03, 0.28, 0.64, 10.35, 0.47, 0.0, 0.23, 0.12, 0.57, 0.16, 0.49, 2.54, 0.46, 0.15, 0.7, 2.08, 0.56, 1.75, 0.5, 0.65, 0.51, 0.1, 0.46, 0.96, 0.81, 2.06, 0.64, 0.73, 0.55, 0.53, 0.84, 0.75, 3.1, 0.46, 0.88, 1.07, 0.5, 0.13, 0.72, 0.47, 0.89, 0.59, 0.52, 0.58, 0.51, 0.48, 3.47, 1.03, 3.81, 1.83, 0.89, 0.49, 0.5, 0.42, 0.53, 0.54, 0.87, 1.34, 0.46, 1.52, 0.53, 0.41, 0.6, 0.52, 0.5, 0.53, 1.07, 1.37, 0.59, 0.1, 0.7, 2.22, 0.57, 3.85, 1.01, 4.92, 0.54, 0.57, 0.77, 0.61, 0.76, 0.67, 1.35, 0.83, 0.55, 0.49, 0.53, 0.61, 0.46, 0.78, 0.63, 0.53, 0.44, 0.86, 0.57, 0.54, 0.52, 0.52, 1.95, 1.74, 0.52, 0.09, 0.5, 0.69, 0.59, 0.58, 1.69
0.23, 0.59, 0.71, 0.49, 0.54, 0.77, 1.56, 0.72, 2.5, 3.65, 0.52, 0.11, 6.21, 0.54, 0.88, 0.54, 0.97, 0.68, 0.57, 0.11, 1.86, 0.58, 0.83, 0.38, 0.63, 0.26, 0.23, 0.0, 0.26, 0.35, 0.54, 1.8, 1.85, 2.14, 0.57, 0.06, 14.58, 39.97, 18.45, 1.71, 0.73, 0.64, 5.54, 0.34, 6.3, 0.64, 12.87, 0.95, 1.07, 0.48, 3.4, 0.53, 0.91, 0.87, 2.64, 0.55, 0.93, 0.53, 9.95, 0.11, 2.23, 0.88, 3.68, 0.42, 1.2, 0.84, 3.9, 0.49, 1.76, 5.62, 1.92, 1.27, 1.37, 8.24, 2.67, 0.47, 1.98, 4.23, 1.61, 1.45, 1.33, 0.76, 3.26, 1.98, 1.15, 0.9, 3.38, 12.49, 10.11, 2.36, 2.44, 0.09, 0.55, 0.54, 1.3, 0.5, 0.52, 0.37, 1.04, 0.57, 1.07, 1.99, 0.8, 0.65, 0.8, 0.65, 0.71, 0.57, 0.53, 0.58, 0.65, 0.54, 0.53, 0.58, 18.86, 1.24, 3.59, 0.49, 0.66, 0.53, 4.4, 0.7, 2.69, 0.09, 1.54, 0.48, 0.62, 0.37
0.38, 0.81, 0.64, 0.47, 0.45, 4.33, 0.53, 3.12, 0.52, 1.24, 0.59, 0.68, 1.27, 0.67, 0.55, 8.84, 0.41, 8.5, 0.49, 1.13, 2.99, 0.78, 0.53, 0.81, 0.08, 2.87, 0.12, 0.26, 0.0, 0.26, 0.32, 0.51, 0.24, 0.69, 5.95, 0.59, 0.06, 0.59, 0.52, 0.5, 0.59, 0.69, 0.6, 0.44, 0.19, 1.72, 21.75, 0.52, 0.61, 2.98, 0.59, 0.56, 3.12, 0.48, 12.85, 0.51, 1.01, 0.88, 0.66, 0.54, 0.1, 0.54, 0.57, 0.43, 0.54, 4.74, 1.26, 0.45, 0.54, 0.54, 3.76, 0.77, 0.5, 22.84, 0.47, 0.45, 0.92, 1.4, 0.95, 0.41, 16.61, 94.93, 16.79, 4.67, 3.01, 2.12, 2.74, 48.32, 34.7, 4.04, 3.0, 0.52, 0.09, 0.85, 1.19, 0.6, 2.15, 0.42, 0.63, 2.23, 2.3, 0.43, 1.28, 3.13, 0.51, 1.35, 0.62, 0.55, 0.52, 8.82, 7.06, 0.72, 1.18, 4.92, 12.96, 1.55, 0.87, 1.16, 1.95, 0.64, 2.85, 0.66, 0.59, 0.63, 0.08, 0.54, 0.55, 0.48
1.45, 0.59, 0.55, 0.54, 0.8, 0.53, 0.55, 0.68, 1.21, 1.37, 0.48, 0.69, 1.0, 0.11, 0.47, 1.11, 0.99, 0.55, 0.59, 0.52, 0.75, 0.26, 0.74, 0.5, 0.58, 2.41, 0.57, 0.35, 0.26, 0.0, 0.19, 0.97, 0.57, 0.59, 0.62, 0.54, 0.73, 0.09, 0.44, 0.53, 0.5, 0.53, 0.55, 0.5, 0.58, 0.21, 0.53, 0.71, 0.73, 0.62, 0.51, 0.53, 1.68, 0.75, 1.1, 0.68, 0.62, 0.5, 1.93, 1.56, 1.54, 0.11, 0.9, 0.42, 0.67, 0.98, 1.2, 0.5, 0.76, 0.48, 1.18, 1.98, 1.75, 0.51, 0.42, 0.49, 0.58, 0.47, 1.14, 0.83, 0.94, 0.96, 0.58, 0.53, 4.9, 0.81, 0.54, 0.76, 1.2, 0.52, 0.87, 0.63, 0.92, 0.1, 3.2, 0.54, 0.69, 0.81, 0.56, 0.49, 0.85, 0.67, 0.69, 1.49, 0.98, 0.45, 0.64, 0.4, 9.62, 0.53, 1.71, 0.74, 0.64, 0.63, 0.87, 0.61, 0.93, 1.5, 3.35, 0.74, 0.5, 0.45, 0.62, 1.19, 0.59, 0.09, 0.57, 0.73
0.91, 0.69, 0.6, 0.52, 3.07, 1.05, 0.49, 2.22, 0.88, 1.28, 0.76, 0.55, 3.94, 5.2, 0.11, 1.69, 0.53, 5.25, 1.24, 0.81, 2.12, 0.48, 0.4, 0.8, 0.58, 2.09, 0.16, 0.54, 0.32, 0.19, 0.0, 3.15, 2.08, 1.37, 1.97, 0.58, 0.51, 4.92, 9.89, 2.51, 0.83, 0.57, 0.57, 0.49, 0.72, 0.4, 0.34, 0.57, 1.17, 0.5, 7.16, 0.53, 0.73, 0.55, 1.88, 0.55, 0.56, 0.58, 0.76, 0.57, 0.46, 0.52, 0.14, 0.49, 1.18, 0.48, 0.58, 0.59, 1.43, 1.46, 0.4, 0.55, 1.04, 0.51, 0.42, 0.45, 1.09, 0.53, 0.52, 0.47, 0.59, 0.62, 0.93, 1.22, 1.89, 0.54, 0.51, 0.62, 0.6, 0.54, 0.53, 0.48, 1.54, 1.44, 0.13, 1.11, 0.49, 2.08, 0.5, 0.81, 0.86, 0.65, 0.55, 0.42, 1.81, 0.54, 0.61, 0.86, 0.51, 0.54, 0.49, 0.6, 0.75, 0.49, 0.59, 0.94, 0.59, 0.52, 0.64, 0.64, 0.47, 0.57, 0.88, 0.49, 2.94, 0.5, 0.12, 0.48
0.34, 0.86, 0.49, 6.49, 4.55, 1.8, 1.08, 0.6, 25.41, 2.05, 6.43, 0.37, 0.51, 2.45, 0.43, 5.03, 0.74, 53.48, 3.23, 0.75, 14.59, 1.44, 0.42, 0.14, 0.53, 1.18, 0.49, 1.8, 0.51, 0.97, 3.15, 0.0, 0.65, 3.23, 2.14, 0.66, 2.26, 1.16, 1.51, 0.79, 1.0, 0.64, 0.61, 1.33, 0.76, 0.36, 1.17, 0.14, 0.73, 1.61, 0.78, 0.72, 0.44, 0.52, 2.5, 0.48, 0.66, 1.15, 0.54, 0.54, 1.72, 0.63, 1.01, 0.1, 1.29, 0.52, 0.68, 0.96, 1.01, 3.3, 1.88, 0.49, 0.67, 2.08, 8.19, 0.63, 1.5, 0.75, 2.94, 0.38, 0.5, 1.03, 1.49, 0.5, 0.74, 3.55, 0.62, 0.53, 2.18, 0.48, 0.62, 0.9, 2.33, 0.46, 0.99, 0.08, 2.56, 0.37, 0.93, 0.59, 9.03, 0.39, 0.88, 0.43, 0.53, 0.61, 0.65, 0.5, 0.9, 0.49, 0.72, 0.48, 0.61, 2.56, 0.5, 0.56, 0.62, 1.07, 0.53, 0.45, 0.44, 0.83, 1.18, 1.06, 3.22, 0.64, 2.22, 0.09
0.09, 2.48, 0.38, 6.39, 3.48, 10.61, 4.44, 0.97, 0.84, 2.52, 3.88, 2.2, 0.45, 1.9, 2.48, 1.66, 0.16, 6.54, 3.41, 1.85, 0.37, 0.47, 3.76, 1.13, 0.11, 18.41, 2.54, 1.85, 0.24, 0.57, 2.08, 0.65, 0.0, 0.19, 0.47, 0.54, 0.24, 3.24, 1.27, 0.88, 2.27, 3.68, 1.02, 0.53, 0.89, 2.04, 2.4, 0.47, 0.12, 19.57, 8.18, 4.28, 0.62, 2.49, 1.06, 0.52, 0.42, 0.53, 0.68, 0.85, 1.02, 0.55, 6.74, 0.51, 0.07, 1.15, 0.53, 0.9, 0.78, 0.65, 0.99, 0.54, 0.65, 2.5, 0.9, 1.86, 0.83, 0.7, 0.63, 0.66, 0.49, 0.72, 0.77, 1.16, 1.07, 0.47, 0.51, 0.56, 0.54, 0.63, 0.79, 0.6, 4.88, 0.55, 15.92, 0.54, 0.09, 0.62, 0.6, 3.62, 1.77, 7.55, 0.74, 0.36, 0.77, 1.29, 0.88, 1.17, 0.54, 0.52, 2.14, 1.2, 0.52, 0.49, 0.45, 2.25, 16.9, 0.49, 1.09, 1.95, 0.37, 0.63, 1.49, 1.8, 0.8, 11.55, 4.43, 0.74
0.27, 3.9, 0.62, 1.16, 0.52, 0.81, 1.56, 1.73, 4.23, 1.09, 0.56, 0.58, 1.23, 0.66, 1.65, 3.34, 0.57, 8.61, 1.8, 0.71, 0.87, 0.5, 0.47, 0.58, 0.6, 2.41, 0.46, 2.14, 0.69, 0.59, 1.37, 3.23, 0.19, 0.0, 0.73, 0.43, 8.62, 0.64, 0.95, 0.53, 0.65, 0.09, 0.57, 0.38, 0.52, 0.44, 1.6, 0.49, 2.64, 0.11, 0.7, 1.95, 6.37, 0.9, 2.28, 0.51, 0.57, 0.52, 0.51, 0.54, 0.45, 0.73, 1.05, 0.62, 0.81, 0.13, 8.19, 0.52, 0.8, 10.36, 4.9, 0.48, 0.59, 0.51, 1.62, 0.54, 0.37, 1.51, 1.54, 0.9, 0.85, 0.56, 0.87, 14.34, 4.86, 10.08, 1.35, 5.61, 4.01, 0.53, 26.24, 0.55, 1.12, 0.83, 1.34, 1.01, 0.88, 0.06, 0.65, 4.55, 36.93, 1.89, 2.51, 0.52, 4.83, 0.48, 3.12, 1.06, 0.89, 1.54, 0.7, 0.94, 2.02, 0.5, 0.67, 0.52, 1.52, 0.53, 1.45, 5.56, 2.2, 0.57, 0.56, 1.01, 0.56, 0.78, 1.39, 0.65
0.17, 3.15, 0.11, 6.25, 4.55, 3.92, 1.02, 1.53, 0.54, 7.77, 0.73, 0.63, 4.75, 0.72, 0.59, 3.17, 0.59, 0.73, 1.18, 2.67, 3.31, 0.67, 0.48, 0.56, 0.62, 4.29, 0.15, 0.57, 5.95, 0.62, 1.97, 2.14, 0.47, 0.73, 0.0, 0.59, 0.17, 20.62, 0.66, 0.58, 0.54, 0.52, 0.26, 0.68, 0.79, 0.46, 0.46, 0.65, 0.78, 0.48, 0.15, 0.59, 2.07, 2.47, 0.5, 0.67, 4.82, 0.5, 0.57, 1.45, 1.24, 0.56, 0.5, 0.4, 0.56, 0.63, 0.11, 0.54, 0.59, 4.41, 1.9, 0.6, 0.54, 1.51, 2.88, 1.32, 0.45, 0.44, 3.59, 0.38, 0.51, 0.5, 4.68, 0.54, 0.61, 0.55, 8.55, 0.61, 0.53, 0.58, 0.5, 0.58, 0.75, 0.68, 2.03, 0.52, 0.82, 0.49, 0.09, 1.36, 0.53, 1.58, 1.01, 0.44, 0.59, 0.49, 0.56, 0.58, 0.45, 1.03, 1.51, 1.27, 0.61, 0.54, 0.58, 0.54, 0.81, 0.61, 0.63, 0.5, 0.56, 0.51, 0.55, 0.58, 0.67, 0.54, 0.56, 1.44
0.28, 0.56, 0.52, 0.1, 0.51, 1.5, 5.26, 0.53, 0.46, 0.7, 1.88, 0.51, 0.57, 0.69, 0.56, 2.61, 1.18, 0.47, 0.62, 0.31, 0.48, 0.63, 0.53, 2.17, 0.53, 0.98, 0.7, 0.06, 0.59, 0.54, 0.58, 0.66, 0.54, 0.43, 0.59, 0.0, 0.46, 0.52, 0.65, 0.37, 98.03, 0.51, 0.82, 0.1, 7.41, 1.41, 3.26, 0.78, 2.33, 5.61, 5.83, 0.11, 0.88, 0.92, 1.78, 9.96, 0.56, 0.62, 1.23, 0.49, 2.56, 1.05, 2.6, 0.45, 0.51, 0.48, 3.32, 0.09, 3.16, 0.62, 5.57, 0.66, 0.97, 0.53, 0.45, 0.53, 0.57, 0.75, 3.01, 0.43, 0.62, 0.85, 0.95, 0.52, 0.48, 1.84, 1.39, 0.55, 0.72, 0.58, 0.88, 0.53, 1.38, 0.72, 1.18, 0.51, 0.62, 0.47, 1.52, 0.1, 0.54, 1.23, 1.4, 0.44, 1.24, 0.6, 0.56, 0.56, 0.53, 0.5, 0.55, 1.37, 1.11, 0.49, 0.54, 0.49, 0.53, 0.68, 0.58, 0.48, 0.45, 0.66, 0.65, 0.56, 1.05, 0.55, 1.4, 0.39
0.11, 0.71, 0.56, 26.73, 0.1, 5.62, 2.57, 15.7, 0.45, 0.91, 0.81, 0.54, 0.51, 0.51, 0.49, 0.64, 0.57, 9.71, 0.78, 0.62, 0.1, 0.52, 1.88, 4.6, 0.48, 0.98, 2.08, 14.58, 0.06, 0.73, 0.51, 2.26, 0.24, 8.62, 0.17, 0.46, 0.0, 0.14, 4.32, 0.63, 0.09, 1.52, 0.5, 0.39, 0.07, 0.5, 0.88, 0.59, 0.37, 0.57, 22.44, 64.85, 1.89, 0.51, 1.86, 0.5, 0.53, 1.57, 0.47, 0.45, 0.4, 0.86, 1.53, 1.96, 0.53, 1.1, 0.84, 0.58, 0.1, 0.52, 3.47, 0.63, 0.56, 16.48, 0.5, 0.68, 0.41, 1.49, 3.74, 0.45, 0.5, 0.6, 1.12, 0.45, 0.52, 0.7, 1.37, 0.63, 0.54, 1.84, 2.21, 0.47, 0.54, 1.23, 1.04, 0.72, 0.7, 0.73, 1.48, 0.57, 0.09, 0.74, 1.13, 1.58, 0.48, 0.53, 0.62, 0.58, 0.55, 0.49, 1.29, 0.53, 0.52, 0.5, 0.85, 0.57, 0.45, 1.03, 3.24, 0.51, 1.87, 0.49, 0.48, 0.54, 0.56, 0.49, 0.76, 0.54
1.14, 0.51, 0.55, 3.16, 7.59, 0.04, 0.56, 0.91, 0.67, 0.54, 0.73, 0.77, 0.69, 1.24, 0.54, 1.3, 0.56, 4.02, 0.47, 0.85, 2.4, 0.08, 0.57, 1.28, 1.68, 1.06, 0.56, 39.97, 0.59, 0.09, 4.92, 1.16, 3.24, 0.64, 20.62, 0.52, 0.14, 0.0, 0.38, 2.13, 0.62, 0.11, 0.55, 0.71, 1.07, 0.97, 0.54, 0.67, 1.5, 0.55, 0.48, 1.32, 2.52, 0.09, 0.65, 0.96, 2.36, 0.58, 0.54, 0.49, 0.81, 0.42, 0.54, 0.74, 0.62, 5.51, 1.0, 0.53, 0.51, 0.09, 6.41, 0.48, 0.48, 0.62, 2.38, 0.44, 2.57, 5.91, 2.74, 0.84, 0.68, 5.46, 3.9, 0.6, 1.02, 0.69, 1.59, 1.57, 8.02, 0.58, 1.05, 0.55, 1.09, 0.56, 0.57, 1.16, 0.55, 0.49, 6.12, 0.57, 0.72, 0.09, 0.55, 0.39, 0.64, 0.57, 3.11, 0.55, 0.78, 0.67, 0.98, 0.7, 3.78, 0.67, 0.69, 1.91, 0.48, 0.53, 1.76, 0.57, 0.38, 0.55, 0.62, 1.5, 0.73, 0.51, 0.57, 0.89
1.71, 5.75, 0.68, 9.63, 1.64, 2.63, 0.07, 9.42, 1.11, 0.63, 1.52, 1.12, 8.34, 0.61, 1.93, 0.76, 0.46, 4.55, 0.51, 0.76, 1.73, 0.58, 0.3, 3.33, 1.4, 1.13, 1.75, 18.45, 0.52, 0.44, 9.89, 1.51, 1.27, 0.95, 0.66, 0.65, 4.32, 0.38, 0.0, 0.29, 0.66, 0.67, 0.1, 0.45, 2.01, 0.4, 0.11, 1.08, 0.59, 0.49, 0.57, 0.69, 0.54, 0.5, 0.27, 6.68, 0.59, 0.5, 0.48, 0.5, 0.49, 0.5, 0.5, 0.45, 3.15, 0.74, 0.57, 0.57, 0.51, 0.58, 0.09, 0.49, 1.63, 0.48, 0.43, 0.66, 1.23, 0.56, 0.53, 1.18, 0.77, 0.61, 0.65, 3.97, 1.17, 16.28, 0.65, 0.6, 0.52, 0.49, 0.54, 0.51, 0.6, 1.05, 0.49, 0.52, 0.62, 0.37, 0.48, 0.6, 0.57, 0.44, 0.1, 0.37, 0.5, 0.54, 0.5, 0.53, 0.73, 0.44, 2.25, 0.57, 0.63, 0.56, 0.98, 0.47, 0.58, 0.57, 0.45, 0.49, 1.35, 0.48, 0.49, 0.78, 0.52, 0.55, 0.5, 0.48
0.28, 0.71, 0.53, 2.63, 1.55, 0.66, 0.77, 0.08, 0.52, 0.67, 2.89, 0.59, 0.55, 0.47, 0.53, 0.53, 2.22, 0.8, 1.32, 1.08, 0.51, 0.58, 1.52, 0.08, 0.56, 0.48, 0.5, 1.71, 0.5, 0.53, 2.51, 0.79, 0.88, 0.53, 0.58, 0.37, 0.63, 2.13, 0.29, 0.0, 0.6, 0.11, 0.78, 0.26, 1.76, 0.42, 0.54, 0.27, 2.85, 0.6, 1.28, 3.17, 2.26, 0.58, 2.55, 0.07, 0.51, 0.52, 0.52, 0.47, 0.75, 1.79, 2.5, 0.37, 0.68, 0.76, 0.61, 0.55, 0.57, 0.87, 1.68, 0.1, 2.05, 9.03, 22.69, 0.77, 0.53, 1.47, 4.64, 0.41, 24.01, 21.01, 1.93, 0.8, 0.46, 5.13, 2.37, 0.52, 0.6, 0.68, 1.73, 0.45, 0.83, 0.5, 6.65, 0.46, 1.44, 0.94, 1.46, 1.27, 0.72, 0.59, 1.4, 0.1, 0.63, 0.49, 0.51, 0.56, 0.81, 2.86, 0.65, 0.53, 0.51, 0.6, 1.1, 0.78, 2.67, 0.53, 1.77, 0.54, 0.49, 0.5, 0.88, 0.67, 0.96, 3.92, 1.62, 0.41
0.35, 0.67, 0.52, 3.06, 0.52, 0.58, 0.61, 1.15, 0.12, 0.64, 0.81, 0.99, 0.45, 23.69, 1.53, 0.59, 0.52, 3.59, 0.74, 1.08, 4.25, 0.93, 0.56, 0.56, 0.09, 5.75, 0.65, 0.73, 0.59, 0.5, 0.83, 1.0, 2.27, 0.65, 0.54, 98.03, 0.09, 0.62, 0.66, 0.6, 0.0, 0.25, 0.5, 0.59, 0.14, 1.15, 2.71, 0.53, 0.11, 0.59, 1.85, 0.5, 0.48, 0.5, 0.9, 0.5, 0.14, 0.53, 0.54, 0.5, 0.47, 0.5, 0.85, 0.46, 0.5, 0.57, 2.96, 0.52, 0.87, 0.6, 16.84, 2.67, 0.07, 0.52, 6.5, 2.42, 1.48, 0.54, 0.63, 2.11, 5.52, 4.2, 2.52, 0.79, 1.35, 0.66, 0.56, 0.79, 0.46, 1.11, 0.55, 0.56, 1.29, 0.51, 0.87, 0.52, 0.53, 0.5, 0.93, 0.5, 1.63, 1.42, 0.72, 0.39, 0.08, 3.11, 0.49, 0.49, 0.48, 1.33, 0.52, 0.6, 0.5, 0.56, 1.88, 0.53, 0.47, 0.62, 0.69, 0.85, 0.38, 0.81, 0.6, 0.74, 0.63, 0.51, 0.6, 0.47
0.58, 0.58, 0.5, 0.52, 0.8, 0.57, 0.49, 0.73, 1.41, 0.09, 0.55, 0.48, 0.62, 0.44, 0.46, 0.81, 0.44, 0.51, 0.59, 0.75, 0.54, 0.45, 0.49, 0.71, 0.52, 0.08, 0.51, 0.64, 0.69, 0.53, 0.57, 0.64, 3.68, 0.09, 0.52, 0.51, 1.52, 0.11, 0.67, 0.11, 0.25, 0.0, 0.14, 0.28, 1.28, 1.45, 4.22, 1.89, 0.51, 0.4, 79.25, 0.76, 5.13, 3.94, 24.77, 2.01, 1.12, 0.11, 0.91, 1.06, 1.29, 1.12, 1.51, 3.74, 8.01, 0.82, 5.59, 8.37, 0.5, 0.57, 3.17, 2.23, 1.17, 0.11, 0.44, 0.55, 0.75, 0.44, 0.63, 0.48, 0.54, 3.78, 3.92, 0.77, 5.31, 1.25, 0.91, 0.91, 1.41, 0.42, 1.67, 1.19, 1.23, 5.15, 3.19, 0.56, 0.91, 2.19, 0.8, 1.04, 2.81, 0.46, 0.52, 0.44, 0.54, 0.06, 0.95, 1.02, 0.52, 0.62, 0.79, 0.66, 0.66, 2.18, 7.03, 0.55, 0.64, 0.47, 0.7, 0.47, 1.61, 0.53, 0.46, 0.49, 0.61, 0.47, 0.78, 1.04
0.55, 0.5, 0.54, 0.81, 0.74, 2.5, 0.47, 0.74, 0.66, 1.96, 0.1, 0.61, 2.32, 4.91, 0.41, 1.04, 1.74, 0.63, 0.47, 0.6, 0.92, 0.82, 0.53, 1.4, 5.27, 1.1, 0.1, 5.54, 0.6, 0.55, 0.57, 0.61, 1.02, 0.57, 0.26, 0.82, 0.5, 0.55, 0.1, 0.78, 0.5, 0.14, 0.0, 0.31, 0.15, 0.53, 0.2, 0.92, 1.02, 0.6, 0.15, 1.38, 0.8, 0.45, 1.37, 0.64, 3.22, 0.43, 0.08, 0.46, 1.05, 0.56, 0.56, 0.47, 1.39, 1.22, 4.03, 1.07, 0.51, 24.71, 6.52, 0.66, 0.51, 0.51, 0.09, 0.48, 0.42, 1.03, 0.6, 0.47, 0.56, 0.5, 0.46, 0.58, 4.08, 0.6, 1.2, 1.25, 2.49, 0.52, 0.49, 1.75, 0.82, 0.55, 0.54, 0.62, 0.95, 0.83, 0.65, 0.56, 0.56, 0.48, 1.32, 1.04, 0.95, 0.42, 0.09, 0.58, 0.56, 0.57, 0.59, 0.59, 0.86, 0.62, 0.94, 0.52, 0.58, 0.88, 0.52, 0.63, 0.69, 0.5, 0.52, 0.54, 0.5, 0.87, 0.58, 0.44
0.29, 0.45, 0.45, 1.63, 0.43, 0.6, 0.42, 13.97, 0.37, 1.06, 0.47, 0.25, 0.54, 1.09, 0.42, 0.38, 0.44, 0.61, 0.4, 0.39, 0.39, 0.52, 0.76, 0.62, 1.39, 0.43, 0.46, 0.34, 0.44, 0.5, 0.49, 1.33, 0.53, 0.38, 0.68, 0.1, 0.39, 0.71, 0.45, 0.26, 0.59, 0.28, 0.31, 0.0, 0.21, 0.31, 1.24, 3.38, 0.37, 0.59, 1.94, 0.1, 0.51, 1.3, 0.61, 0.95, 1.59, 0.57, 0.88, 0.09, 0.93, 0.68, 0.49, 1.34, 9.72, 0.55, 0.82, 0.48, 4.72, 0.93, 2.68, 1.71, 0.69, 0.43, 1.8, 2.0, 2.7, 0.55, 0.59, 0.83, 0.75, 0.49, 7.44, 0.6, 0.54, 1.09, 3.06, 0.71, 2.46, 0.77, 0.58, 0.45, 0.49, 0.49, 0.55, 0.51, 0.5, 0.48, 0.62, 1.37, 0.49, 2.21, 0.73, 0.85, 2.78, 0.58, 1.26, 0.11, 0.52, 1.8, 0.53, 0.44, 0.95, 0.56, 2.68, 1.13, 33.1, 0.54, 10.02, 0.47, 0.51, 0.59, 0.51, 0.51, 0.59, 0.55, 0.81, 0.85
0.19, 1.43, 1.46, 0.62, 28.49, 1.36, 3.48, 7.39, 0.46, 2.09, 0.51, 0.54, 0.17, 1.89, 0.47, 0.63, 0.54, 0.54, 0.45, 0.52, 0.52, 0.64, 0.84, 21.92, 1.08, 0.62, 0.96, 6.3, 0.19, 0.58, 0.72, 0.76, 0.89, 0.52, 0.79, 7.41, 0.07, 1.07, 2.01, 1.76, 0.14, 1.28, 0.15, 0.21, 0.0, 3.14, 0.26, 0.84, 0.75, 1.2, 0.65, 1.03, 0.25, 1.02, 1.3, 0.54, 0.96, 0.5, 0.58, 0.51, 0.09, 0.56, 0.49, 0.39, 0.64, 0.55, 0.57, 0.48, 0.58, 0.52, 0.45, 0.54, 0.62, 0.45, 0.4, 0.48, 0.08, 0.61, 1.19, 0.44, 1.28, 2.66, 1.22, 0.57, 0.55, 0.48, 0.51, 0.56, 0.57, 0.56, 0.52, 0.57, 0.45, 0.52, 0.94, 0.56, 0.56, 0.68, 0.53, 4.43, 0.55, 0.4, 0.63, 0.42, 0.5, 0.71, 0.49, 0.56, 0.08, 0.71, 1.57, 0.72, 3.96, 0.55, 0.7, 0.45, 0.61, 0.52, 0.84, 0.55, 0.36, 0.57, 0.51, 0.48, 0.55, 1.21, 0.55, 1.13
0.28, 2.5, 0.41, 0.44, 2.37, 1.5, 0.42, 2.46, 0.69, 2.1, 1.61, 0.72, 8.95, 0.12, 0.52, 0.46, 0.38, 1.13, 0.77, 1.34, 0.37, 0.47, 0.4, 0.65, 0.41, 1.83, 0.81, 0.64, 1.72, 0.21, 0.4, 0.36, 2.04, 0.44, 0.46, 1.41, 0.5, 0.97, 0.4, 0.42, 1.15, 1.45, 0.53, 0.31, 3.14, 0.0, 0.09, 0.24, 0.77, 1.76, 15.59, 0.58, 3.88, 0.12, 3.91, 0.87, 0.54, 0.8, 0.57, 0.64, 1.35, 0.11, 0.52, 0.43, 0.59, 0.55, 0.56, 0.53, 0.55, 0.43, 0.43, 0.46, 0.95, 0.49, 0.47, 0.47, 0.74, 0.08, 0.79, 0.38, 0.73, 1.01, 0.67, 6.64, 2.35, 0.48, 0.7, 4.41, 2.23, 0.46, 0.53, 0.67, 0.55, 0.53, 0.64, 0.53, 0.8, 0.41, 0.51, 0.72, 0.59, 0.44, 0.51, 0.41, 0.67, 0.46, 0.56, 0.61, 1.37, 0.09, 0.7, 0.6, 0.49, 0.5, 0.61, 0.72, 2.31, 0.54, 0.48, 0.44, 0.49, 0.5, 0.86, 0.62, 1.27, 0.46, 0.53, 0.41
0.32, 1.04, 0.6, 2.73, 7.16, 5.5, 0.51, 2.83, 1.43, 1.08, 4.28, 5.3, 11.98, 0.5, 0.31, 2.5, 0.67, 1.49, 0.8, 2.22, 1.79, 0.59, 0.51, 2.64, 1.19, 11.32, 2.06, 12.87, 21.75, 0.53, 0.34, 1.17, 2.4, 1.6, 0.46, 3.26, 0.88, 0.54, 0.11, 0.54, 2.71, 4.22, 0.2, 1.24, 0.26, 0.09, 0.0, 0.31, 0.14, 0.74, 0.21, 0.54, 0.66, 0.59, 0.23, 0.57, 0.55, 0.59, 0.52, 1.22, 0.44, 0.51, 0.13, 0.5, 0.48, 0.54, 0.61, 0.66, 0.49, 0.52, 0.43, 0.52, 0.77, 0.49, 0.5, 1.22, 0.49, 0.5, 0.07, 0.45, 0.6, 0.54, 0.9, 2.74, 0.63, 0.6, 0.58, 0.55, 0.56, 0.52, 0.55, 0.89, 1.22, 0.58, 0.49, 0.53, 0.53, 28.36, 2.0, 0.51, 0.54, 1.25, 1.39, 0.4, 0.53, 0.47, 0.5, 0.55, 0.54, 0.49, 0.11, 0.57, 0.52, 0.49, 0.53, 0.55, 1.02, 0.48, 0.55, 0.54, 5.86, 0.56, 0.75, 0.47, 0.52, 0.53, 0.61, 0.5
1.56, 1.07, 0.82, 1.38, 1.07, 2.69, 3.09, 0.55, 0.63, 1.07, 2.7, 0.88, 0.63, 0.72, 0.64, 0.9, 0.65, 2.28, 2.13, 0.49, 3.06, 0.82, 0.56, 2.58, 0.55, 2.15, 0.64, 0.95, 0.52, 0.71, 0.57, 0.14, 0.47, 0.49, 0.65, 0.78, 0.59, 0.67, 1.08, 0.27, 0.53, 1.89, 0.92, 3.38, 0.84, 0.24, 0.31, 0.0, 0.35, 0.18, 1.17, 0.07, 0.49, 0.64, 1.56, 0.06, 0.49, 0.85, 0.81, 0.54, 0.43, 0.46, 0.56, 0.14, 0.5, 0.52, 0.7, 0.5, 0.58, 0.91, 0.52, 0.51, 0.52, 3.27, 1.57, 2.45, 0.4, 0.77, 15.43, 0.09, 0.57, 0.47, 1.13, 0.49, 0.51, 0.76, 0.64, 0.52, 0.53, 0.99, 0.72, 1.4, 3.18, 2.66, 0.82, 0.51, 15.45, 0.49, 0.61, 0.49, 0.8, 0.92, 0.57, 0.42, 5.98, 0.6, 1.48, 0.62, 0.48, 1.24, 0.54, 0.09, 0.91, 0.53, 0.68, 0.59, 0.42, 1.36, 0.67, 0.48, 0.53, 0.57, 0.96, 2.33, 0.48, 0.64, 0.6, 0.4
0.14, 1.41, 1.82, 17.21, 1.3, 43.34, 3.48, 5.91, 0.41, 1.32, 0.54, 3.53, 4.97, 2.89, 0.68, 1.36, 2.52, 2.22, 1.54, 0.36, 7.48, 0.45, 1.32, 0.88, 0.42, 1.63, 0.73, 1.07, 0.61, 0.73, 1.17, 0.73, 0.12, 2.64, 0.78, 2.33, 0.37, 1.5, 0.59, 2.85, 0.11, 0.51, 1.02, 0.37, 0.75, 0.77, 0.14, 0.35, 0.0, 0.12, 0.17, 0.83, 1.07, 0.58, 0.57, 0.51, 0.29, 0.57, 0.48, 0.51, 0.38, 0.56, 0.61, 0.39, 0.08, 0.99, 0.5, 0.97, 0.67, 0.66, 0.45, 0.46, 0.51, 0.48, 0.59, 0.52, 0.4, 0.49, 0.58, 0.41, 0.11, 0.45, 0.51, 0.53, 0.58, 0.59, 0.6, 0.47, 0.48, 0.53, 0.58, 0.53, 0.49, 1.73, 0.92, 0.42, 0.46, 2.03, 2.09, 1.35, 0.51, 0.32, 0.64, 0.55, 0.63, 0.72, 0.45, 0.56, 1.06, 0.45, 0.78, 0.53, 0.08, 0.47, 0.54, 0.48, 0.5, 2.56, 1.17, 0.5, 0.92, 1.02, 0.46, 0.52, 0.52, 0.51, 0.72, 0.4
3.23, 1.3, 1.13, 7.96, 3.66, 0.52, 1.64, 0.59, 0.52, 0.98, 0.58, 0.49, 1.4, 4.42, 0.49, 1.62, 0.65, 1.45, 0.48, 0.69, 0.62, 0.65, 0.44, 0.53, 1.17, 0.7, 0.55, 0.48, 2.98, 0.62, 0.5, 1.61, 19.57, 0.11, 0.48, 5.61, 0.57, 0.55, 0.49, 0.6, 0.59, 0.4, 0.6, 0.59, 1.2, 1.76, 0.74, 0.18, 0.12, 0.0, 0.08, 0.62, 1.07, 0.27, 0.59, 2.63, 0.85, 0.11, 0.56, 0.53, 0.4, 0.65, 0.62, 0.67, 0.57, 0.36, 0.59, 0.57, 0.54, 0.52, 0.68, 0.54, 0.46, 0.7, 0.51, 1.82, 0.59, 0.65, 1.3, 0.38, 0.44, 0.1, 0.47, 0.73, 0.64, 0.53, 0.65, 0.53, 0.5, 0.54, 0.55, 0.48, 0.54, 0.56, 1.06, 0.6, 0.59, 0.42, 0.48, 0.57, 0.57, 0.54, 0.63, 0.44, 0.52, 0.47, 0.72, 0.55, 0.47, 0.56, 0.61, 0.53, 0.95, 0.1, 0.49, 0.58, 3.28, 0.69, 0.79, 0.5, 1.41, 0.53, 0.72, 0.59, 1.31, 0.58, 0.84, 0.45
13.66, 2.63, 0.87, 1.17, 0.85, 1.46, 13.54, 14.57, 0.53, 0.72, 2.51, 0.58, 7.45, 10.85, 2.31, 0.66, 0.52, 1.51, 0.23, 1.87, 2.26, 0.48, 0.52, 2.88, 0.64, 0.55, 0.53, 3.4, 0.59, 0.51, 7.16, 0.78, 8.18, 0.7, 0.15, 5.83, 22.44, 0.48, 0.57, 1.28, 1.85, 79.25, 0.15, 1.94, 0.65, 15.59, 0.21, 1.17, 0.17, 0.08, 0.0, 0.44, 0.2, 0.98, 0.65, 0.53, 0.52, 1.01, 0.12, 0.51, 0.47, 0.52, 0.6, 0.43, 0.5, 0.54, 0.72, 0.58, 0.6, 1.24, 0.44, 0.52, 0.55, 0.74, 0.42, 0.72, 0.45, 0.62, 0.53, 0.38, 0.52, 0.48, 0.09, 0.6, 0.56, 1.18, 0.84, 0.54, 0.51, 0.62, 0.5, 0.55, 0.48, 0.53, 0.53, 0.61, 0.53, 0.41, 0.46, 0.55, 0.49, 0.48, 0.47, 1.62, 0.58, 0.5, 0.57, 0.61, 0.66, 0.61, 0.5, 0.63, 1.11, 0.56, 0.09, 0.49, 0.99, 0.63, 0.59, 1.97, 0.5, 0.59, 0.55, 0.54, 1.35, 0.53, 0.56, 0.55
0.71, 0.8, 0.71, 0.53, 0.48, 9.47, 0.47, 12.77, 0.43, 1.19, 0.73, 0.52, 0.51, 1.81, 0.48, 0.57, 0.57, 0.67, 3.31, 0.06, 0.57, 0.88, 0.55, 0.5, 4.44, 0.69, 0.84, 0.53, 0.56, 0.53, 0.53, 0.72, 4.28, 1.95, 0.59, 0.11, 64.85, 1.32, 0.69, 3.17, 0.5, 0.76, 1.38, 0.1, 1.03, 0.58, 0.54, 0.07, 0.83, 0.62, 0.44, 0.0, 0.08, 0.11, 0.64, 0.17, 0.52, 0.55, 0.73, 0.11, 0.41, 0.62, 0.67, 0.36, 0.55, 1.29, 0.7, 0.1, 0.56, 0.54, 0.78, 0.73, 0.55, 0.59, 0.82, 0.48, 11.43, 0.44, 1.72, 0.45, 1.43, 1.69, 19.18, 0.12, 0.54, 3.03, 0.91, 0.56, 24.98, 8.93, 19.35, 0.48, 4.81, 2.48, 5.35, 0.57, 1.32, 2.81, 5.85, 0.56, 3.75, 2.29, 5.94, 0.38, 0.48, 0.8, 1.2, 0.55, 0.54, 0.55, 1.0, 0.84, 0.65, 0.51, 4.57, 0.08, 2.3, 0.74, 1.01, 0.48, 1.93, 0.49, 0.94, 0.56, 0.6, 1.22, 1.05, 0.42
