0.0, 11.859999999999999, 33.420000000000002, 31.629999999999999, 38.600000000000001, 37.68, 35.140000000000001, 35.030000000000001, 38.18, 40.039999999999999, 34.380000000000003, 34.979999999999997, 35.939999999999998, 36.439999999999998, 34.950000000000003, 35.670000000000002, 35.619999999999997, 36.399999999999999, 35.770000000000003, 35.619999999999997, 36.520000000000003, 35.479999999999997, 37.600000000000001, 36.140000000000001, 36.43, 37.57, 35.460000000000001, 36.93, 35.759999999999998, 36.380000000000003, 38.630000000000003, 36.579999999999998
11.859999999999999, 0.0, 33.539999999999999, 32.170000000000002, 38.939999999999998, 35.729999999999997, 35.609999999999999, 35.189999999999998, 36.450000000000003, 39.0, 36.030000000000001, 35.68, 35.380000000000003, 36.219999999999999, 35.689999999999998, 35.869999999999997, 36.640000000000001, 36.82, 37.020000000000003, 36.909999999999997, 36.259999999999998, 37.399999999999999, 36.93, 36.920000000000002, 37.469999999999999, 38.039999999999999, 36.43, 37.719999999999999, 36.049999999999997, 36.950000000000003, 37.520000000000003, 37.829999999999998
33.420000000000002, 33.539999999999999, 0.0, 11.09, 43.039999999999999, 36.939999999999998, 36.960000000000001, 36.600000000000001, 38.950000000000003, 38.829999999999998, 36.140000000000001, 38.149999999999999, 38.920000000000002, 41.109999999999999, 36.490000000000002, 36.590000000000003, 39.390000000000001, 40.799999999999997, 38.060000000000002, 38.259999999999998, 41.240000000000002, 41.549999999999997, 38.649999999999999, 37.159999999999997, 41.07, 39.409999999999997, 38.079999999999998, 38.979999999999997, 38.899999999999999, 40.259999999999998, 37.939999999999998, 39.149999999999999
31.629999999999999, 32.170000000000002, 11.09, 0.0, 41.240000000000002, 37.329999999999998, 36.359999999999999, 37.359999999999999, 37.509999999999998, 39.310000000000002, 37.649999999999999, 36.049999999999997, 40.530000000000001, 38.159999999999997, 36.259999999999998, 36.539999999999999, 36.850000000000001, 38.049999999999997, 37.310000000000002, 37.310000000000002, 40.079999999999998, 39.689999999999998, 37.299999999999997, 36.450000000000003, 39.780000000000001, 38.590000000000003, 37.520000000000003, 37.560000000000002, 38.75, 39.090000000000003, 36.770000000000003, 37.210000000000001
38.600000000000001, 38.939999999999998, 43.039999999999999, 41.240000000000002, 0.0, 10.59, 39.57, 38.280000000000001, 39.549999999999997, 39.359999999999999, 41.049999999999997, 43.600000000000001, 42.600000000000001, 42.049999999999997, 39.890000000000001, 40.710000000000001, 41.009999999999998, 41.869999999999997, 41.189999999999998, 40.630000000000003, 40.479999999999997, 41.210000000000001, 41.670000000000002, 40.880000000000003, 41.020000000000003, 41.829999999999998, 45.909999999999997, 41.770000000000003, 41.43, 42.810000000000002, 41.380000000000003, 42.43
37.68, 35.729999999999997, 36.939999999999998, 37.329999999999998, 10.59, 0.0, 37.950000000000003, 36.390000000000001, 38.450000000000003, 39.600000000000001, 41.030000000000001, 39.100000000000001, 38.619999999999997, 40.25, 39.609999999999999, 37.880000000000003, 39.509999999999998, 40.189999999999998, 39.799999999999997, 39.579999999999998, 41.219999999999999, 39.399999999999999, 39.25, 39.899999999999999, 40.759999999999998, 42.189999999999998, 41.719999999999999, 41.68, 41.439999999999998, 40.649999999999999, 39.119999999999997, 39.719999999999999
35.140000000000001, 35.609999999999999, 36.960000000000001, 36.359999999999999, 39.57, 37.950000000000003, 0.0, 11.9, 42.890000000000001, 40.079999999999998, 37.560000000000002, 37.520000000000003, 38.939999999999998, 40.600000000000001, 38.670000000000002, 37.590000000000003, 39.130000000000003, 41.479999999999997, 38.960000000000001, 39.93, 39.310000000000002, 39.189999999999998, 37.420000000000002, 38.829999999999998, 40.479999999999997, 40.780000000000001, 38.770000000000003, 39.109999999999999, 39.350000000000001, 40.700000000000003, 38.530000000000001, 40.100000000000001
35.030000000000001, 35.189999999999998, 36.600000000000001, 37.359999999999999, 38.280000000000001, 36.390000000000001, 11.9, 0.0, 42.100000000000001, 39.890000000000001, 37.359999999999999, 38.049999999999997, 40.520000000000003, 39.939999999999998, 38.310000000000002, 37.420000000000002, 39.460000000000001, 39.600000000000001, 38.759999999999998, 38.43, 39.640000000000001, 40.009999999999998, 38.310000000000002, 37.57, 40.240000000000002, 42.369999999999997, 40.25, 40.280000000000001, 41.590000000000003, 41.68, 38.740000000000002, 40.590000000000003
38.18, 36.450000000000003, 38.950000000000003, 37.509999999999998, 39.549999999999997, 38.450000000000003, 42.890000000000001, 42.100000000000001, 0.0, 10.02, 37.549999999999997, 35.939999999999998, 40.189999999999998, 39.869999999999997, 37.740000000000002, 37.280000000000001, 37.950000000000003, 39.979999999999997, 41.670000000000002, 39.549999999999997, 40.329999999999998, 41.090000000000003, 39.420000000000002, 39.329999999999998, 39.659999999999997, 41.340000000000003, 39.32, 42.25, 40.030000000000001, 42.100000000000001, 40.770000000000003, 39.659999999999997
40.039999999999999, 39.0, 38.829999999999998, 39.310000000000002, 39.359999999999999, 39.600000000000001, 40.079999999999998, 39.890000000000001, 10.02, 0.0, 36.899999999999999, 37.0, 40.229999999999997, 39.170000000000002, 38.200000000000003, 37.770000000000003, 38.280000000000001, 40.509999999999998, 41.159999999999997, 41.990000000000002, 41.479999999999997, 40.18, 40.25, 40.049999999999997, 41.890000000000001, 40.210000000000001, 40.270000000000003, 40.590000000000003, 41.729999999999997, 40.380000000000003, 39.509999999999998, 40.640000000000001
34.380000000000003, 36.030000000000001, 36.140000000000001, 37.649999999999999, 41.049999999999997, 41.030000000000001, 37.560000000000002, 37.359999999999999, 37.549999999999997, 36.899999999999999, 0.0, 10.4, 39.68, 37.509999999999998, 35.689999999999998, 35.68, 36.43, 38.75, 37.880000000000003, 37.869999999999997, 39.380000000000003, 40.979999999999997, 37.130000000000003, 37.950000000000003, 39.439999999999998, 40.420000000000002, 36.090000000000003, 37.82, 38.039999999999999, 38.759999999999998, 37.039999999999999, 37.420000000000002
34.979999999999997, 35.68, 38.149999999999999, 36.049999999999997, 43.600000000000001, 39.100000000000001, 37.520000000000003, 38.049999999999997, 35.939999999999998, 37.0, 10.4, 0.0, 40.869999999999997, 37.600000000000001, 34.799999999999997, 34.640000000000001, 35.340000000000003, 39.289999999999999, 38.060000000000002, 37.390000000000001, 42.439999999999998, 39.869999999999997, 38.310000000000002, 37.32, 37.630000000000003, 39.409999999999997, 36.670000000000002, 36.840000000000003, 40.200000000000003, 40.0, 37.969999999999999, 38.490000000000002
35.939999999999998, 35.380000000000003, 38.920000000000002, 40.530000000000001, 42.600000000000001, 38.619999999999997, 38.939999999999998, 40.520000000000003, 40.189999999999998, 40.229999999999997, 39.68, 40.869999999999997, 0.0, 10.119999999999999, 35.25, 33.350000000000001, 37.850000000000001, 37.350000000000001, 36.850000000000001, 36.579999999999998, 38.039999999999999, 41.560000000000002, 37.399999999999999, 36.700000000000003, 37.310000000000002, 36.990000000000002, 37.340000000000003, 37.359999999999999, 35.789999999999999, 36.310000000000002, 36.649999999999999, 38.630000000000003
36.439999999999998, 36.219999999999999, 41.109999999999999, 38.159999999999997, 42.049999999999997, 40.25, 40.600000000000001, 39.939999999999998, 39.869999999999997, 39.170000000000002, 37.509999999999998, 37.600000000000001, 10.119999999999999, 0.0, 35.200000000000003, 34.159999999999997, 39.740000000000002, 39.18, 39.270000000000003, 38.920000000000002, 39.759999999999998, 38.939999999999998, 37.979999999999997, 38.93, 38.5, 39.0, 38.210000000000001, 38.649999999999999, 37.759999999999998, 37.399999999999999, 39.590000000000003, 39.590000000000003
34.950000000000003, 35.689999999999998, 36.490000000000002, 36.259999999999998, 39.890000000000001, 39.609999999999999, 38.670000000000002, 38.310000000000002, 37.740000000000002, 38.200000000000003, 35.689999999999998, 34.799999999999997, 35.25, 35.200000000000003, 0.0, 10.17, 39.450000000000003, 39.020000000000003, 37.549999999999997, 37.200000000000003, 38.560000000000002, 39.57, 36.140000000000001, 36.810000000000002, 39.409999999999997, 41.039999999999999, 36.5, 37.090000000000003, 37.670000000000002, 37.759999999999998, 35.960000000000001, 38.18
35.670000000000002, 35.869999999999997, 36.590000000000003, 36.539999999999999, 40.710000000000001, 37.880000000000003, 37.590000000000003, 37.420000000000002, 37.280000000000001, 37.770000000000003, 35.68, 34.640000000000001, 33.350000000000001, 34.159999999999997, 10.17, 0.0, 39.659999999999997, 38.140000000000001, 38.729999999999997, 37.380000000000003, 40.850000000000001, 38.740000000000002, 37.189999999999998, 36.560000000000002, 38.380000000000003, 39.240000000000002, 36.700000000000003, 36.719999999999999, 39.409999999999997, 38.189999999999998, 36.140000000000001, 36.57
35.619999999999997, 36.640000000000001, 39.390000000000001, 36.850000000000001, 41.009999999999998, 39.509999999999998, 39.130000000000003, 39.460000000000001, 37.950000000000003, 38.280000000000001, 36.43, 35.340000000000003, 37.850000000000001, 39.740000000000002, 39.450000000000003, 39.659999999999997, 0.0, 12.73, 32.840000000000003, 32.090000000000003, 36.719999999999999, 35.82, 33.43, 33.159999999999997, 34.869999999999997, 36.530000000000001, 34.0, 35.490000000000002, 36.079999999999998, 36.310000000000002, 34.700000000000003, 35.619999999999997
36.399999999999999, 36.82, 40.799999999999997, 38.049999999999997, 41.869999999999997, 40.189999999999998, 41.479999999999997, 39.600000000000001, 39.979999999999997, 40.509999999999998, 38.75, 39.289999999999999, 37.350000000000001, 39.18, 39.020000000000003, 38.140000000000001, 12.73, 0.0, 30.920000000000002, 29.559999999999999, 32.530000000000001, 32.409999999999997, 33.240000000000002, 32.079999999999998, 32.740000000000002, 34.280000000000001, 33.170000000000002, 33.810000000000002, 33.600000000000001, 33.829999999999998, 34.450000000000003, 33.960000000000001
35.770000000000003, 37.020000000000003, 38.060000000000002, 37.310000000000002, 41.189999999999998, 39.799999999999997, 38.960000000000001, 38.759999999999998, 41.670000000000002, 41.159999999999997, 37.880000000000003, 38.060000000000002, 36.850000000000001, 39.270000000000003, 37.549999999999997, 38.729999999999997, 32.840000000000003, 30.920000000000002, 0.0, 10.9, 36.670000000000002, 35.310000000000002, 33.299999999999997, 33.530000000000001, 34.530000000000001, 36.359999999999999, 33.890000000000001, 36.049999999999997, 36.109999999999999, 35.960000000000001, 33.649999999999999, 34.670000000000002
35.619999999999997, 36.909999999999997, 38.259999999999998, 37.310000000000002, 40.630000000000003, 39.579999999999998, 39.93, 38.43, 39.549999999999997, 41.990000000000002, 37.869999999999997, 37.390000000000001, 36.579999999999998, 38.920000000000002, 37.200000000000003, 37.380000000000003, 32.090000000000003, 29.559999999999999, 10.9, 0.0, 37.549999999999997, 34.859999999999999, 35.939999999999998, 33.07, 34.990000000000002, 36.990000000000002, 34.57, 34.890000000000001, 37.359999999999999, 35.649999999999999, 33.530000000000001, 34.579999999999998
36.520000000000003, 36.259999999999998, 41.240000000000002, 40.079999999999998, 40.479999999999997, 41.219999999999999, 39.310000000000002, 39.640000000000001, 40.329999999999998, 41.479999999999997, 39.380000000000003, 42.439999999999998, 38.039999999999999, 39.759999999999998, 38.560000000000002, 40.850000000000001, 36.719999999999999, 32.530000000000001, 36.670000000000002, 37.549999999999997, 0.0, 14.890000000000001, 33.07, 31.390000000000001, 35.219999999999999, 35.359999999999999, 35.18, 35.270000000000003, 34.729999999999997, 34.450000000000003, 34.520000000000003, 35.539999999999999
35.479999999999997, 37.399999999999999, 41.549999999999997, 39.689999999999998, 41.210000000000001, 39.399999999999999, 39.189999999999998, 40.009999999999998, 41.090000000000003, 40.18, 40.979999999999997, 39.869999999999997, 41.560000000000002, 38.939999999999998, 39.57, 38.740000000000002, 35.82, 32.409999999999997, 35.310000000000002, 34.859999999999999, 14.890000000000001, 0.0, 30.690000000000001, 30.460000000000001, 34.450000000000003, 34.100000000000001, 34.270000000000003, 34.0, 33.280000000000001, 33.920000000000002, 33.600000000000001, 34.109999999999999
37.600000000000001, 36.93, 38.649999999999999, 37.299999999999997, 41.670000000000002, 39.25, 37.420000000000002, 38.310000000000002, 39.420000000000002, 40.25, 37.130000000000003, 38.310000000000002, 37.399999999999999, 37.979999999999997, 36.140000000000001, 37.189999999999998, 33.43, 33.240000000000002, 33.299999999999997, 35.939999999999998, 33.07, 30.690000000000001, 0.0, 13.16, 41.759999999999998, 38.109999999999999, 35.240000000000002, 35.450000000000003, 39.880000000000003, 39.960000000000001, 35.390000000000001, 37.509999999999998
36.140000000000001, 36.920000000000002, 37.159999999999997, 36.450000000000003, 40.880000000000003, 39.899999999999999, 38.829999999999998, 37.57, 39.329999999999998, 40.049999999999997, 37.950000000000003, 37.32, 36.700000000000003, 38.93, 36.810000000000002, 36.560000000000002, 33.159999999999997, 32.079999999999998, 33.530000000000001, 33.07, 31.390000000000001, 30.460000000000001, 13.16, 0.0, 36.390000000000001, 35.640000000000001, 34.840000000000003, 33.560000000000002, 36.880000000000003, 35.020000000000003, 33.539999999999999, 34.280000000000001
36.43, 37.469999999999999, 41.07, 39.780000000000001, 41.020000000000003, 40.759999999999998, 40.479999999999997, 40.240000000000002, 39.659999999999997, 41.890000000000001, 39.439999999999998, 37.630000000000003, 37.310000000000002, 38.5, 39.409999999999997, 38.380000000000003, 34.869999999999997, 32.740000000000002, 34.530000000000001, 34.990000000000002, 35.219999999999999, 34.450000000000003, 41.759999999999998, 36.390000000000001, 0.0, 13.6, 32.700000000000003, 30.719999999999999, 33.340000000000003, 33.969999999999999, 33.210000000000001, 33.82
37.57, 38.039999999999999, 39.409999999999997, 38.590000000000003, 41.829999999999998, 42.189999999999998, 40.780000000000001, 42.369999999999997, 41.340000000000003, 40.210000000000001, 40.420000000000002, 39.409999999999997, 36.990000000000002, 39.0, 41.039999999999999, 39.240000000000002, 36.530000000000001, 34.280000000000001, 36.359999999999999, 36.990000000000002, 35.359999999999999, 34.100000000000001, 38.109999999999999, 35.640000000000001, 13.6, 0.0, 32.189999999999998, 31.239999999999998, 33.380000000000003, 33.07, 33.340000000000003, 33.25
35.460000000000001, 36.43, 38.079999999999998, 37.520000000000003, 45.909999999999997, 41.719999999999999, 38.770000000000003, 40.25, 39.32, 40.270000000000003, 36.090000000000003, 36.670000000000002, 37.340000000000003, 38.210000000000001, 36.5, 36.700000000000003, 34.0, 33.170000000000002, 33.890000000000001, 34.57, 35.18, 34.270000000000003, 35.240000000000002, 34.840000000000003, 32.700000000000003, 32.189999999999998, 0.0, 14.33, 41.659999999999997, 38.100000000000001, 34.039999999999999, 35.25
36.93, 37.719999999999999, 38.979999999999997, 37.560000000000002, 41.770000000000003, 41.68, 39.109999999999999, 40.280000000000001, 42.25, 40.590000000000003, 37.82, 36.840000000000003, 37.359999999999999, 38.649999999999999, 37.090000000000003, 36.719999999999999, 35.490000000000002, 33.810000000000002, 36.049999999999997, 34.890000000000001, 35.270000000000003, 34.0, 35.450000000000003, 33.560000000000002, 30.719999999999999, 31.239999999999998, 14.33, 0.0, 38.649999999999999, 37.049999999999997, 32.32, 33.079999999999998
35.759999999999998, 36.049999999999997, 38.899999999999999, 38.75, 41.43, 41.439999999999998, 39.350000000000001, 41.590000000000003, 40.030000000000001, 41.729999999999997, 38.039999999999999, 40.200000000000003, 35.789999999999999, 37.759999999999998, 37.670000000000002, 39.409999999999997, 36.079999999999998, 33.600000000000001, 36.109999999999999, 37.359999999999999, 34.729999999999997, 33.280000000000001, 39.880000000000003, 36.880000000000003, 33.340000000000003, 33.380000000000003, 41.659999999999997, 38.649999999999999, 0.0, 16.0, 37.649999999999999, 33.060000000000002
36.380000000000003, 36.950000000000003, 40.259999999999998, 39.090000000000003, 42.810000000000002, 40.649999999999999, 40.700000000000003, 41.68, 42.100000000000001, 40.380000000000003, 38.759999999999998, 40.0, 36.310000000000002, 37.399999999999999, 37.759999999999998, 38.189999999999998, 36.310000000000002, 33.829999999999998, 35.960000000000001, 35.649999999999999, 34.450000000000003, 33.920000000000002, 39.960000000000001, 35.020000000000003, 33.969999999999999, 33.07, 38.100000000000001, 37.049999999999997, 16.0, 0.0, 30.75, 30.16
38.630000000000003, 37.520000000000003, 37.939999999999998, 36.770000000000003, 41.380000000000003, 39.119999999999997, 38.530000000000001, 38.740000000000002, 40.770000000000003, 39.509999999999998, 37.039999999999999, 37.969999999999999, 36.649999999999999, 39.590000000000003, 35.960000000000001, 36.140000000000001, 34.700000000000003, 34.450000000000003, 33.649999999999999, 33.530000000000001, 34.520000000000003, 33.600000000000001, 35.390000000000001, 33.539999999999999, 33.210000000000001, 33.340000000000003, 34.039999999999999, 32.32, 37.649999999999999, 30.75, 0.0, 17.620000000000001
36.579999999999998, 37.829999999999998, 39.149999999999999, 37.210000000000001, 42.43, 39.719999999999999, 40.100000000000001, 40.590000000000003, 39.659999999999997, 40.640000000000001, 37.420000000000002, 38.490000000000002, 38.630000000000003, 39.590000000000003, 38.18, 36.57, 35.619999999999997, 33.960000000000001, 34.670000000000002, 34.579999999999998, 35.539999999999999, 34.109999999999999, 37.509999999999998, 34.280000000000001, 33.82, 33.25, 35.25, 33.079999999999998, 33.060000000000002, 30.16, 17.620000000000001, 0.0
