0.0, 2.04, 2.67, 2.59, 2.75, 2.72, 9.26, 3.03, 3.07, 2.85, 3.32, 3.59, 3.35, 3.3, 3.72, 4.0, 2.86, 3.23, 3.29, 3.35, 3.19, 3.47, 3.61, 3.74, 3.38, 3.42, 3.65, 3.81, 3.68, 3.82, 4.47, 4.69, 7.01, 7.05, 7.24, 6.61, 7.12, 6.78, 6.89, 6.74, 7.7, 6.65, 7.13, 6.75, 7.68, 7.14, 7.2, 7.19, 7.45, 6.75, 7.52, 7.07, 7.37, 7.16, 7.35, 7.27, 8.01, 6.84, 7.34, 7.4, 7.6, 7.13, 7.82, 8.26, 5.25, 5.41, 6.06, 5.51, 5.88, 5.56, 5.66, 5.55, 6.26, 5.53, 6.4, 5.96, 5.98, 5.68, 6.18, 5.82, 5.97, 5.45, 6.18, 6.0, 5.91, 5.79, 6.01, 6.01, 6.31, 5.72, 6.01, 6.11, 6.02, 5.95, 6.54, 6.32, 9.16, 9.2, 9.53, 9.15, 9.73, 9.2, 9.54, 9.28, 9.39, 9.27, 9.67, 9.25, 9.68, 9.3, 9.61, 10.08, 9.79, 9.14, 9.41, 9.53, 9.72, 9.56, 9.71, 9.85, 10.03, 9.19, 9.78, 10.23, 10.13, 10.1, 10.12, 9.94
2.04, 0.0, 2.49, 2.24, 2.39, 2.09, 2.39, 2.44, 2.75, 2.48, 2.63, 3.03, 2.62, 2.54, 2.87, 3.16, 2.77, 2.47, 2.62, 2.84, 2.94, 2.78, 2.97, 3.15, 2.89, 2.71, 3.02, 3.14, 2.96, 3.27, 3.37, 3.74, 15.39, 6.84, 6.98, 7.14, 7.84, 6.58, 7.03, 7.0, 7.33, 6.83, 7.3, 6.84, 7.35, 6.79, 7.32, 7.51, 7.29, 6.98, 7.11, 7.1, 7.39, 7.31, 7.46, 7.14, 7.51, 7.21, 7.42, 7.3, 7.82, 7.69, 7.51, 7.81, 5.52, 5.69, 5.82, 5.94, 5.98, 5.62, 6.24, 5.95, 6.06, 5.91, 6.16, 6.04, 9.06, 6.12, 6.14, 5.95, 6.16, 5.89, 6.58, 5.87, 6.13, 5.86, 6.12, 5.86, 8.96, 6.55, 8.87, 7.03, 7.77, 6.68, 7.6, 9.31, 10.06, 9.76, 10.61, 13.04, 9.51, 9.29, 9.69, 9.14, 9.68, 9.22, 9.7, 9.51, 9.95, 9.74, 10.02, 9.72, 9.51, 9.71, 9.59, 9.5, 9.98, 9.41, 9.78, 10.26, 10.73, 9.86, 9.94, 10.28, 10.52, 10.45, 10.31, 10.25
2.67, 2.49, 0.0, 1.51, 2.51, 2.18, 2.34, 2.63, 2.78, 2.61, 2.69, 3.02, 2.57, 2.58, 3.0, 3.02, 2.81, 2.63, 2.77, 2.79, 2.77, 3.06, 2.98, 3.28, 2.76, 2.86, 2.89, 3.23, 3.11, 3.11, 3.55, 3.78, 15.55, 6.79, 7.1, 6.7, 7.47, 7.28, 7.25, 7.25, 7.18, 6.87, 7.08, 6.97, 7.77, 6.9, 7.07, 7.06, 7.2, 6.76, 7.17, 7.21, 7.25, 7.78, 7.05, 6.86, 7.48, 6.89, 7.14, 7.43, 7.87, 7.03, 7.37, 7.57, 5.48, 5.47, 5.96, 5.84, 5.75, 9.03, 19.85, 5.81, 5.91, 5.82, 6.34, 5.97, 6.13, 5.88, 6.47, 5.94, 6.09, 5.9, 5.98, 5.93, 5.95, 6.07, 5.99, 6.03, 6.12, 5.99, 5.95, 5.88, 6.19, 6.34, 6.47, 6.62, 8.7, 9.19, 9.56, 9.22, 10.07, 9.66, 9.67, 9.38, 9.31, 9.78, 10.25, 9.72, 9.8, 9.42, 9.68, 9.63, 9.42, 9.24, 9.79, 9.57, 10.1, 9.42, 9.86, 10.22, 9.72, 9.22, 9.58, 9.29, 10.24, 9.75, 9.74, 9.86
2.59, 2.24, 1.51, 0.0, 2.37, 2.19, 2.41, 2.15, 2.65, 2.67, 2.65, 2.61, 2.53, 2.45, 2.66, 2.74, 2.72, 2.66, 2.67, 2.67, 2.76, 2.63, 2.64, 3.39, 2.66, 2.49, 2.64, 2.83, 2.71, 2.94, 3.06, 3.27, 15.24, 6.64, 6.79, 6.91, 6.75, 7.29, 7.99, 6.51, 6.59, 6.71, 6.9, 6.66, 7.44, 6.83, 7.22, 7.09, 6.99, 6.61, 6.74, 6.78, 7.18, 6.75, 7.23, 7.26, 7.18, 6.57, 6.83, 6.79, 8.41, 7.14, 7.26, 7.18, 5.57, 5.86, 5.95, 5.64, 5.86, 5.89, 5.66, 5.78, 5.99, 6.01, 6.05, 5.73, 5.96, 6.16, 5.89, 6.02, 6.04, 5.92, 6.0, 6.44, 6.09, 5.86, 6.12, 6.04, 6.13, 5.76, 6.11, 6.36, 5.96, 6.03, 6.04, 5.99, 8.61, 9.18, 8.93, 8.81, 9.24, 9.02, 9.69, 8.98, 9.08, 9.56, 9.78, 9.73, 9.61, 9.38, 9.72, 9.36, 9.33, 9.3, 10.34, 9.22, 9.52, 9.21, 10.63, 9.72, 9.89, 9.43, 10.19, 9.36, 10.17, 9.57, 10.37, 10.19
2.75, 2.39, 2.51, 2.37, 0.0, 1.5, 2.45, 2.43, 2.98, 2.37, 2.64, 2.84, 2.47, 2.56, 2.8, 2.95, 2.67, 2.65, 2.72, 2.7, 2.55, 2.74, 3.07, 3.21, 2.68, 2.73, 3.21, 3.32, 2.88, 3.12, 3.43, 3.57, 15.29, 6.67, 6.96, 6.75, 6.84, 6.69, 6.99, 6.73, 7.23, 7.81, 7.07, 6.82, 6.96, 6.65, 7.38, 6.9, 7.67, 6.67, 7.3, 6.75, 7.07, 6.94, 7.13, 7.17, 7.44, 7.19, 7.23, 7.09, 7.48, 6.93, 7.35, 7.58, 5.41, 5.71, 6.03, 5.65, 5.75, 5.5, 5.7, 5.56, 5.96, 5.85, 6.24, 5.72, 6.05, 5.97, 5.88, 6.14, 6.17, 5.76, 6.02, 5.89, 6.08, 5.78, 6.33, 5.89, 6.02, 5.74, 6.28, 5.73, 6.06, 5.79, 6.07, 6.0, 8.83, 9.22, 9.33, 9.44, 9.7, 9.21, 10.07, 9.05, 9.22, 9.4, 9.62, 9.24, 9.87, 9.36, 9.8, 9.46, 9.37, 9.29, 9.83, 9.26, 9.9, 9.5, 9.75, 10.16, 9.83, 9.47, 13.35, 9.59, 9.98, 9.56, 9.65, 9.86
2.72, 2.09, 2.18, 2.19, 1.5, 0.0, 2.29, 2.08, 2.67, 2.57, 2.61, 2.81, 2.67, 2.56, 2.65, 2.7, 2.63, 2.72, 2.66, 2.6, 2.8, 2.83, 2.69, 2.81, 2.57, 2.5, 2.76, 3.19, 2.75, 2.79, 2.93, 3.18, 14.04, 6.5, 6.75, 6.36, 6.41, 6.43, 6.91, 6.38, 6.52, 6.72, 6.99, 6.76, 7.21, 6.75, 7.07, 7.16, 6.91, 6.86, 7.54, 7.05, 7.26, 7.11, 7.46, 6.9, 7.02, 6.65, 7.01, 7.15, 7.27, 6.89, 7.28, 6.94, 5.38, 5.61, 5.68, 5.7, 6.91, 5.5, 6.13, 5.68, 6.0, 5.72, 6.04, 5.79, 5.93, 5.73, 6.23, 5.99, 5.99, 6.45, 5.9, 5.83, 5.91, 5.85, 6.0, 5.84, 6.07, 5.71, 6.27, 5.71, 5.96, 5.83, 6.23, 6.33, 8.63, 9.08, 8.8, 8.67, 8.88, 9.12, 9.61, 9.17, 9.16, 9.24, 9.35, 9.06, 9.17, 9.2, 10.33, 9.49, 9.08, 9.17, 9.38, 9.28, 9.39, 9.21, 9.79, 9.84, 9.53, 9.36, 9.63, 9.73, 9.85, 9.54, 9.85, 9.68
9.26, 2.39, 2.34, 2.41, 2.45, 2.29, 0.0, 1.51, 2.94, 2.74, 2.84, 2.64, 2.61, 2.48, 2.55, 2.73, 2.8, 2.66, 2.71, 2.98, 2.83, 2.65, 2.6, 2.75, 2.65, 2.5, 2.68, 2.76, 2.57, 2.74, 3.0, 3.51, 15.28, 6.38, 6.49, 6.44, 6.58, 6.37, 6.53, 6.67, 6.44, 6.48, 6.91, 6.58, 6.64, 6.87, 7.09, 6.68, 6.69, 6.52, 6.77, 6.66, 7.15, 6.84, 6.89, 6.75, 7.35, 6.66, 7.04, 6.81, 7.08, 6.73, 7.33, 7.57, 5.64, 5.55, 5.69, 5.44, 5.51, 5.52, 5.68, 5.41, 5.93, 5.71, 5.71, 5.98, 6.04, 5.78, 6.01, 6.04, 6.22, 5.92, 5.99, 5.74, 5.94, 5.76, 6.01, 5.96, 6.09, 5.95, 5.89, 6.07, 5.91, 6.03, 6.33, 5.93, 8.67, 8.54, 8.8, 8.91, 8.91, 9.2, 9.3, 9.24, 8.95, 8.9, 9.37, 9.06, 9.27, 9.17, 9.46, 9.24, 9.03, 8.92, 9.25, 9.11, 9.3, 9.31, 9.88, 9.37, 9.62, 9.3, 9.63, 9.31, 10.07, 9.52, 9.81, 9.51
3.03, 2.44, 2.63, 2.15, 2.43, 2.08, 1.51, 0.0, 3.11, 2.54, 2.7, 2.54, 2.64, 2.47, 2.61, 2.51, 2.76, 2.59, 2.62, 2.75, 2.61, 2.53, 2.82, 2.65, 2.69, 2.61, 2.73, 2.49, 2.5, 2.43, 2.61, 2.79, 13.79, 5.9, 6.2, 6.09, 6.14, 6.26, 6.67, 6.34, 6.25, 6.34, 6.41, 6.54, 6.46, 6.54, 6.89, 6.76, 6.23, 6.27, 6.47, 8.16, 6.64, 6.89, 7.35, 6.86, 6.85, 7.28, 6.91, 6.92, 7.08, 6.78, 7.55, 7.5, 6.75, 5.74, 5.8, 5.99, 6.0, 5.92, 5.67, 5.8, 6.12, 5.94, 5.88, 5.78, 6.02, 6.23, 5.93, 5.77, 5.86, 5.86, 6.08, 5.88, 6.07, 5.94, 6.01, 5.75, 6.27, 5.7, 5.94, 5.81, 5.91, 5.86, 6.03, 5.88, 8.53, 8.44, 8.75, 9.45, 8.6, 8.73, 9.53, 9.1, 8.81, 8.86, 9.23, 9.29, 9.01, 9.3, 9.43, 9.34, 8.88, 8.85, 9.29, 9.26, 9.24, 9.12, 9.8, 9.23, 9.12, 8.97, 9.46, 9.15, 9.82, 13.32, 14.8, 10.46
3.07, 2.75, 2.78, 2.65, 2.98, 2.67, 2.94, 3.11, 0.0, 1.61, 2.42, 2.51, 2.22, 2.54, 2.66, 2.74, 2.7, 2.52, 2.68, 3.11, 2.62, 2.58, 3.04, 2.98, 2.61, 2.88, 2.95, 3.27, 2.97, 3.09, 3.56, 3.58, 15.78, 6.93, 7.23, 6.97, 7.03, 6.63, 6.98, 7.03, 7.12, 6.96, 7.14, 6.81, 7.21, 8.91, 9.64, 7.07, 7.1, 6.99, 7.57, 24.43, 7.69, 6.86, 7.33, 7.34, 7.31, 7.57, 7.53, 7.16, 8.63, 7.52, 7.74, 8.15, 6.19, 6.59, 6.73, 7.65, 7.22, 5.81, 6.2, 6.34, 6.67, 6.29, 6.38, 6.2, 6.55, 5.92, 6.4, 6.56, 6.44, 6.32, 6.45, 5.9, 6.62, 6.55, 6.35, 7.62, 6.68, 6.2, 6.57, 6.5, 7.0, 6.18, 6.8, 6.28, 8.88, 8.89, 9.26, 9.28, 9.12, 9.39, 10.37, 9.82, 9.54, 9.61, 9.72, 9.48, 10.0, 9.78, 10.19, 10.02, 9.32, 9.93, 10.13, 9.82, 9.76, 9.48, 9.57, 9.54, 10.04, 9.4, 9.72, 9.83, 10.09, 9.51, 10.24, 10.07
2.85, 2.48, 2.61, 2.67, 2.37, 2.57, 2.74, 2.54, 1.61, 0.0, 2.36, 2.21, 2.37, 2.34, 2.3, 2.35, 2.66, 2.54, 2.57, 2.54, 2.69, 2.61, 2.78, 2.73, 2.71, 2.57, 2.9, 2.91, 2.68, 2.75, 2.98, 3.2, 15.08, 6.42, 6.49, 6.66, 6.85, 6.37, 7.0, 6.57, 6.94, 6.79, 6.95, 11.24, 7.02, 7.13, 7.23, 6.99, 6.96, 6.76, 7.21, 6.92, 7.24, 6.69, 7.16, 7.25, 7.54, 7.04, 12.99, 7.0, 7.55, 6.87, 7.53, 7.38, 5.66, 5.78, 5.97, 5.73, 5.97, 5.83, 6.22, 6.18, 6.16, 6.06, 6.36, 6.05, 6.05, 6.25, 6.17, 6.04, 6.15, 5.95, 6.07, 6.97, 6.41, 6.01, 6.36, 6.3, 6.31, 5.93, 6.07, 6.14, 6.03, 6.03, 6.34, 6.14, 8.39, 9.29, 8.76, 9.26, 9.36, 8.91, 9.19, 9.42, 9.0, 9.19, 9.27, 9.33, 9.65, 9.57, 9.71, 9.63, 9.32, 9.38, 9.48, 9.36, 9.74, 9.5, 9.9, 9.51, 9.68, 9.61, 9.84, 9.57, 9.9, 9.81, 9.71, 9.75
3.32, 2.63, 2.69, 2.65, 2.64, 2.61, 2.84, 2.7, 2.42, 2.36, 0.0, 1.73, 2.33, 2.2, 2.42, 2.35, 2.74, 2.54, 2.57, 2.74, 2.68, 2.7, 2.56, 2.95, 2.78, 2.76, 2.69, 2.95, 2.68, 2.77, 3.09, 3.51, 15.39, 7.23, 6.45, 6.6, 6.69, 7.13, 6.88, 7.6, 6.6, 7.3, 8.02, 7.06, 7.38, 7.67, 7.34, 7.31, 6.9, 8.03, 7.3, 7.16, 7.74, 7.41, 7.11, 7.18, 10.35, 6.87, 7.23, 7.66, 7.29, 7.39, 8.03, 7.56, 5.66, 5.83, 6.21, 6.0, 6.13, 8.65, 6.77, 7.45, 7.22, 6.51, 6.23, 6.12, 6.27, 6.35, 6.71, 5.98, 6.24, 5.98, 6.79, 6.81, 6.38, 6.28, 6.1, 6.09, 6.34, 6.2, 6.33, 6.19, 6.28, 5.99, 6.76, 6.2, 8.49, 9.0, 9.23, 9.52, 8.81, 9.19, 9.42, 9.29, 9.1, 9.28, 9.64, 9.49, 9.7, 9.77, 10.55, 9.8, 9.85, 9.16, 9.55, 9.6, 9.72, 10.03, 9.99, 9.82, 9.33, 9.4, 9.72, 9.91, 10.12, 9.61, 10.45, 10.18
3.59, 3.03, 3.02, 2.61, 2.84, 2.81, 2.64, 2.54, 2.51, 2.21, 1.73, 0.0, 2.42, 2.06, 2.43, 2.16, 2.71, 2.61, 2.74, 2.48, 2.57, 2.73, 2.85, 2.62, 2.68, 2.61, 2.61, 2.78, 2.64, 2.57, 2.69, 2.91, 14.79, 6.4, 6.36, 6.67, 6.78, 6.58, 6.84, 6.62, 6.69, 6.42, 6.61, 6.52, 6.89, 6.8, 6.97, 6.79, 6.67, 6.54, 6.85, 6.7, 7.28, 6.7, 7.07, 6.92, 6.98, 6.98, 7.34, 6.8, 7.41, 7.11, 7.43, 7.09, 5.74, 5.75, 6.02, 5.74, 6.12, 5.89, 6.03, 5.97, 6.2, 6.11, 6.07, 5.9, 6.43, 6.22, 6.21, 5.93, 6.33, 6.01, 6.08, 6.02, 6.26, 6.07, 6.21, 6.08, 6.34, 6.33, 6.11, 5.93, 6.01, 6.35, 6.28, 6.18, 8.82, 8.8, 8.83, 8.92, 8.97, 8.84, 9.32, 9.24, 8.93, 9.05, 9.05, 9.19, 9.23, 9.09, 9.43, 9.5, 9.23, 8.94, 9.3, 9.59, 9.24, 9.21, 9.79, 9.73, 9.24, 9.48, 9.44, 9.36, 9.4, 9.65, 9.68, 9.51
3.35, 2.62, 2.57, 2.53, 2.47, 2.67, 2.61, 2.64, 2.22, 2.37, 2.33, 2.42, 0.0, 1.56, 2.38, 2.32, 2.86, 2.46, 2.82, 2.49, 2.53, 2.6, 2.6, 2.73, 2.69, 2.59, 2.7, 2.75, 2.94, 2.67, 2.96, 3.29, 14.82, 6.38, 6.43, 6.64, 6.69, 6.57, 6.98, 6.9, 6.48, 7.05, 7.0, 7.29, 6.98, 6.9, 7.18, 6.93, 6.87, 6.55, 7.18, 6.89, 7.09, 7.3, 7.18, 6.95, 7.15, 6.67, 7.13, 7.04, 7.14, 7.44, 7.68, 7.32, 5.71, 5.75, 6.24, 5.75, 5.75, 6.0, 5.91, 6.07, 6.16, 6.05, 6.2, 5.96, 6.03, 6.14, 6.23, 5.98, 6.38, 6.11, 6.28, 6.04, 6.39, 6.01, 6.14, 6.07, 6.2, 5.97, 6.16, 6.12, 6.1, 6.13, 6.2, 6.15, 8.66, 8.86, 9.17, 9.1, 9.42, 9.17, 9.76, 9.1, 9.19, 9.17, 9.45, 9.3, 9.24, 9.29, 9.49, 9.35, 9.06, 9.06, 10.14, 9.6, 9.5, 9.43, 9.84, 9.72, 9.39, 9.79, 10.02, 9.45, 9.72, 9.5, 9.94, 9.99
3.3, 2.54, 2.58, 2.45, 2.56, 2.56, 2.48, 2.47, 2.54, 2.34, 2.2, 2.06, 1.56, 0.0, 2.34, 2.06, 2.68, 2.7, 2.8, 2.62, 2.76, 2.51, 2.93, 2.52, 2.71, 2.68, 2.75, 2.63, 2.61, 2.45, 2.85, 2.76, 14.86, 6.2, 6.38, 6.27, 6.43, 6.68, 6.68, 6.53, 6.51, 6.75, 6.63, 6.53, 6.53, 6.89, 7.09, 6.64, 6.85, 6.39, 6.7, 6.83, 6.95, 7.05, 6.95, 6.74, 6.9, 7.24, 7.34, 6.97, 7.29, 7.45, 7.09, 6.86, 5.82, 5.72, 6.04, 5.85, 5.73, 5.68, 6.05, 5.69, 6.14, 5.97, 6.2, 6.06, 6.21, 5.97, 6.57, 6.12, 6.2, 5.87, 6.17, 5.93, 6.06, 6.11, 6.09, 6.15, 6.68, 6.92, 5.99, 5.99, 6.04, 5.97, 6.12, 6.05, 8.42, 8.63, 8.75, 8.84, 8.54, 9.08, 9.18, 9.27, 8.91, 9.25, 12.07, 9.25, 9.29, 9.11, 9.4, 9.55, 9.12, 8.74, 8.97, 9.04, 9.26, 9.23, 9.45, 9.34, 9.16, 9.12, 9.65, 9.54, 9.74, 9.81, 9.93, 9.62
3.72, 2.87, 3.0, 2.66, 2.8, 2.65, 2.55, 2.61, 2.66, 2.3, 2.42, 2.43, 2.38, 2.34, 0.0, 1.57, 2.84, 2.58, 2.66, 2.58, 2.78, 2.54, 2.49, 2.5, 2.79, 2.81, 2.68, 2.62, 2.83, 2.7, 2.59, 2.89, 15.24, 6.22, 6.18, 6.24, 6.65, 6.31, 6.92, 6.7, 6.22, 6.37, 6.94, 6.51, 6.6, 6.65, 7.35, 9.61, 6.15, 9.22, 7.47, 6.61, 6.8, 7.06, 7.19, 10.67, 6.71, 6.55, 7.25, 6.76, 7.05, 6.95, 7.26, 6.93, 5.8, 5.71, 5.89, 5.99, 5.83, 5.73, 6.23, 6.08, 6.05, 5.95, 6.04, 5.95, 6.46, 6.14, 6.16, 6.17, 6.23, 6.02, 6.27, 6.15, 6.52, 5.94, 6.19, 6.06, 6.29, 5.97, 6.38, 6.2, 6.34, 6.09, 6.11, 6.3, 8.67, 8.65, 8.62, 8.78, 8.59, 8.74, 9.01, 8.93, 9.11, 8.98, 9.26, 9.05, 9.0, 9.01, 9.72, 9.02, 8.82, 8.79, 9.27, 9.01, 9.06, 9.12, 9.56, 9.45, 9.64, 9.06, 9.34, 9.5, 10.01, 9.5, 9.67, 9.56
4.0, 3.16, 3.02, 2.74, 2.95, 2.7, 2.73, 2.51, 2.74, 2.35, 2.35, 2.16, 2.32, 2.06, 1.57, 0.0, 2.82, 2.75, 2.61, 2.5, 2.79, 2.62, 2.72, 2.51, 2.84, 2.47, 2.64, 2.78, 3.01, 2.63, 2.82, 2.62, 15.54, 6.12, 6.44, 6.11, 5.99, 6.11, 6.15, 6.42, 6.17, 6.49, 6.39, 6.5, 6.91, 6.68, 6.72, 6.57, 6.26, 6.21, 6.37, 6.66, 6.44, 6.87, 8.36, 6.74, 6.37, 6.44, 6.87, 6.7, 6.68, 6.78, 7.1, 6.81, 5.66, 6.07, 6.2, 5.87, 6.0, 5.87, 8.84, 5.85, 7.08, 6.34, 6.49, 6.28, 6.37, 6.05, 6.19, 6.12, 6.46, 6.27, 6.26, 5.92, 6.15, 6.42, 7.07, 6.21, 6.33, 6.07, 6.04, 5.88, 6.06, 6.25, 6.15, 6.48, 8.28, 8.53, 9.01, 8.83, 8.44, 8.86, 8.61, 8.77, 8.67, 8.77, 9.01, 8.69, 9.15, 8.75, 9.12, 8.88, 8.65, 8.82, 9.02, 8.9, 9.03, 9.32, 10.02, 9.38, 9.12, 8.98, 9.18, 9.33, 9.33, 9.39, 9.59, 9.19
2.86, 2.77, 2.81, 2.72, 2.67, 2.63, 2.8, 2.76, 2.7, 2.66, 2.74, 2.71, 2.86, 2.68, 2.84, 2.82, 0.0, 1.54, 2.37, 2.55, 2.38, 2.28, 2.48, 2.85, 2.73, 2.56, 2.86, 3.11, 2.89, 3.11, 3.39, 3.56, 15.9, 6.98, 6.88, 6.97, 6.64, 6.92, 7.08, 6.9, 6.91, 6.78, 7.15, 6.98, 7.47, 6.77, 7.24, 7.09, 6.91, 7.38, 7.42, 7.14, 7.55, 7.14, 7.24, 7.49, 7.67, 7.18, 7.42, 7.06, 8.0, 7.32, 7.77, 8.11, 5.69, 6.08, 5.97, 5.77, 6.05, 6.02, 6.12, 5.9, 6.23, 5.97, 6.19, 5.95, 6.25, 8.8, 5.97, 6.57, 6.22, 6.21, 6.28, 5.97, 10.61, 9.06, 6.17, 6.89, 6.51, 6.11, 6.29, 6.23, 6.15, 6.1, 6.7, 6.16, 8.69, 9.0, 9.54, 9.9, 9.5, 9.52, 9.5, 9.55, 9.45, 9.24, 10.13, 9.37, 9.87, 9.75, 9.73, 9.45, 9.48, 9.38, 9.8, 9.6, 10.04, 10.04, 10.07, 9.57, 10.26, 9.46, 9.84, 9.79, 9.94, 9.98, 10.41, 9.8
3.23, 2.47, 2.63, 2.66, 2.65, 2.72, 2.66, 2.59, 2.52, 2.54, 2.54, 2.61, 2.46, 2.7, 2.58, 2.75, 1.54, 0.0, 2.27, 2.08, 2.23, 2.09, 2.2, 2.37, 2.76, 2.44, 2.52, 2.75, 2.65, 2.64, 3.16, 3.13, 14.28, 6.65, 6.95, 7.1, 6.25, 6.7, 7.77, 6.79, 7.14, 6.84, 6.98, 7.01, 7.18, 8.03, 7.17, 6.88, 6.94, 6.79, 7.27, 7.34, 7.34, 6.9, 7.13, 6.97, 7.31, 6.72, 7.28, 7.16, 7.65, 7.18, 7.3, 7.2, 5.85, 5.71, 5.92, 5.99, 6.15, 5.93, 6.02, 5.87, 6.1, 6.02, 6.23, 6.02, 6.2, 6.12, 6.46, 5.89, 6.19, 5.91, 6.19, 5.93, 6.04, 6.04, 6.12, 6.43, 6.18, 6.13, 6.32, 6.03, 6.32, 6.0, 6.43, 6.28, 8.41, 8.89, 9.03, 8.93, 9.0, 9.05, 9.61, 9.11, 8.97, 9.18, 9.5, 9.58, 9.46, 9.08, 9.55, 9.62, 9.02, 8.89, 9.21, 9.16, 9.44, 9.44, 9.98, 9.46, 9.41, 9.15, 9.79, 9.47, 9.7, 9.57, 9.76, 9.52
3.29, 2.62, 2.77, 2.67, 2.72, 2.66, 2.71, 2.62, 2.68, 2.57, 2.57, 2.74, 2.82, 2.8, 2.66, 2.61, 2.37, 2.27, 0.0, 1.6, 2.34, 2.1, 2.25, 2.4, 2.68, 2.38, 2.44, 2.66, 2.56, 2.64, 2.85, 3.22, 15.26, 6.61, 6.56, 7.05, 6.26, 6.71, 6.93, 6.53, 7.01, 6.73, 6.95, 6.61, 6.68, 6.54, 6.99, 6.78, 6.62, 6.61, 7.06, 7.17, 7.13, 6.71, 7.17, 6.88, 7.17, 6.67, 7.38, 7.14, 8.08, 7.33, 7.76, 6.91, 5.72, 5.82, 5.92, 5.86, 6.21, 5.75, 6.46, 5.93, 6.08, 6.05, 6.11, 6.1, 6.2, 6.1, 6.05, 5.93, 6.03, 5.98, 6.27, 6.16, 6.26, 6.14, 6.19, 6.16, 6.4, 6.09, 6.28, 6.07, 6.65, 6.27, 6.18, 6.34, 8.36, 8.59, 8.72, 9.15, 8.74, 9.28, 9.32, 9.03, 8.81, 9.03, 9.49, 9.67, 9.6, 9.42, 9.48, 9.46, 9.28, 8.77, 9.37, 9.5, 9.65, 9.37, 9.85, 9.48, 9.29, 9.28, 9.73, 9.45, 9.48, 9.44, 9.95, 10.11
3.35, 2.84, 2.79, 2.67, 2.7, 2.6, 2.98, 2.75, 3.11, 2.54, 2.74, 2.48, 2.49, 2.62, 2.58, 2.5, 2.55, 2.08, 1.6, 0.0, 2.29, 2.09, 2.38, 2.18, 2.63, 2.44, 2.6, 2.57, 2.61, 2.62, 2.68, 2.76, 14.67, 6.46, 6.12, 6.29, 6.32, 6.15, 6.06, 6.41, 6.42, 6.32, 6.89, 6.61, 6.6, 6.87, 6.87, 6.95, 6.49, 6.54, 6.81, 6.8, 7.06, 6.73, 7.09, 7.01, 6.57, 6.78, 6.87, 7.21, 8.0, 7.13, 7.24, 7.11, 5.71, 5.94, 6.07, 5.88, 6.11, 5.81, 6.1, 5.91, 6.27, 6.12, 6.27, 6.04, 6.1, 6.17, 6.27, 6.04, 6.32, 6.07, 6.69, 6.0, 6.06, 6.1, 6.35, 6.1, 6.31, 6.07, 6.36, 6.14, 6.44, 6.3, 6.13, 6.48, 8.25, 8.63, 8.76, 8.69, 8.75, 8.97, 9.26, 9.45, 9.01, 9.13, 9.07, 9.46, 9.06, 9.13, 9.31, 9.16, 8.7, 8.9, 9.32, 9.29, 9.74, 9.32, 9.98, 9.34, 8.92, 9.45, 9.43, 9.26, 9.61, 9.84, 9.69, 9.41
3.19, 2.94, 2.77, 2.76, 2.55, 2.8, 2.83, 2.61, 2.62, 2.69, 2.68, 2.57, 2.53, 2.76, 2.78, 2.79, 2.38, 2.23, 2.34, 2.29, 0.0, 1.52, 2.23, 2.27, 2.87, 2.49, 2.63, 2.73, 2.46, 2.71, 2.79, 3.18, 15.27, 6.41, 6.58, 6.48, 6.74, 6.46, 6.74, 7.0, 6.82, 6.82, 7.08, 6.97, 7.14, 6.85, 7.37, 7.04, 6.45, 7.01, 6.94, 6.96, 7.1, 6.96, 7.26, 7.08, 6.98, 6.82, 7.26, 6.79, 7.41, 6.87, 7.31, 7.04, 5.71, 6.06, 6.0, 5.84, 5.92, 6.12, 6.15, 5.76, 6.23, 5.92, 6.28, 6.01, 6.32, 6.03, 6.4, 6.21, 6.18, 6.1, 6.16, 5.97, 6.2, 6.17, 6.35, 5.98, 6.07, 5.88, 6.34, 5.96, 6.46, 6.01, 6.22, 6.71, 8.37, 8.6, 9.07, 8.75, 8.82, 8.69, 20.25, 9.56, 9.16, 9.21, 9.32, 13.12, 11.19, 9.51, 9.55, 9.99, 9.11, 9.02, 9.57, 9.16, 9.51, 9.35, 9.62, 9.3, 9.52, 9.24, 9.83, 9.56, 9.85, 9.71, 10.06, 9.44
3.47, 2.78, 3.06, 2.63, 2.74, 2.83, 2.65, 2.53, 2.58, 2.61, 2.7, 2.73, 2.6, 2.51, 2.54, 2.62, 2.28, 2.09, 2.1, 2.09, 1.52, 0.0, 2.23, 2.02, 2.96, 2.61, 2.75, 2.56, 2.52, 2.5, 2.69, 2.69, 14.91, 6.32, 6.15, 6.31, 6.57, 6.11, 6.5, 6.39, 6.43, 6.41, 6.55, 7.11, 6.44, 6.7, 6.81, 6.71, 6.36, 6.36, 6.72, 6.65, 6.65, 6.85, 7.14, 6.84, 6.55, 6.8, 7.04, 6.91, 7.07, 6.72, 7.47, 7.33, 5.75, 5.74, 5.99, 5.89, 5.82, 5.83, 5.78, 5.79, 6.42, 5.92, 6.11, 6.05, 6.36, 6.21, 6.14, 6.23, 6.22, 6.02, 6.24, 7.08, 6.18, 6.08, 6.1, 5.97, 6.45, 6.05, 6.03, 5.93, 6.33, 6.08, 6.34, 6.2, 8.44, 8.72, 8.71, 8.99, 9.07, 8.9, 9.44, 9.44, 9.06, 9.05, 9.45, 9.17, 9.38, 9.2, 9.47, 9.32, 9.03, 8.81, 9.01, 9.37, 9.37, 9.6, 9.57, 9.23, 9.0, 9.33, 9.26, 9.42, 9.93, 9.56, 9.54, 9.37
3.61, 2.97, 2.98, 2.64, 3.07, 2.69, 2.6, 2.82, 3.04, 2.78, 2.56, 2.85, 2.6, 2.93, 2.49, 2.72, 2.48, 2.2, 2.25, 2.38, 2.23, 2.23, 0.0, 1.46, 2.68, 2.57, 2.68, 2.5, 2.81, 2.47, 2.72, 2.68, 14.73, 6.5, 6.4, 6.35, 6.45, 6.43, 6.67, 6.45, 6.23, 6.52, 6.68, 6.71, 6.49, 6.71, 6.73, 6.91, 6.26, 6.44, 6.81, 6.84, 6.89, 6.93, 6.95, 6.95, 6.88, 6.6, 7.3, 7.02, 6.94, 7.41, 7.5, 7.06, 5.78, 5.74, 5.98, 5.9, 6.15, 5.8, 5.92, 6.06, 6.12, 6.01, 6.37, 5.97, 6.33, 6.17, 6.17, 6.03, 6.23, 6.03, 6.12, 5.95, 6.22, 6.23, 6.25, 6.03, 6.37, 6.18, 6.33, 6.46, 6.07, 6.2, 6.71, 6.02, 8.4, 8.57, 9.03, 8.82, 8.93, 8.7, 8.87, 8.81, 8.82, 10.68, 10.45, 9.64, 8.77, 9.03, 9.28, 9.25, 8.81, 9.32, 9.16, 9.54, 9.11, 9.34, 9.74, 9.22, 16.52, 9.3, 9.38, 9.61, 9.37, 9.66, 9.82, 9.51
3.74, 3.15, 3.28, 3.39, 3.21, 2.81, 2.75, 2.65, 2.98, 2.73, 2.95, 2.62, 2.73, 2.52, 2.5, 2.51, 2.85, 2.37, 2.4, 2.18, 2.27, 2.02, 1.46, 0.0, 2.74, 2.54, 2.68, 2.57, 2.82, 2.37, 2.59, 2.37, 14.87, 6.2, 6.02, 6.24, 6.06, 6.1, 6.32, 6.23, 6.63, 6.14, 6.44, 6.47, 6.44, 6.63, 6.72, 6.62, 6.23, 6.11, 6.37, 6.39, 7.17, 6.59, 6.64, 6.9, 6.78, 6.53, 6.63, 6.7, 6.58, 6.95, 7.15, 6.86, 5.76, 6.15, 6.03, 5.99, 5.93, 5.82, 5.92, 5.82, 6.17, 5.9, 6.38, 5.98, 6.14, 6.19, 6.12, 6.17, 6.13, 6.22, 6.15, 6.16, 6.07, 5.95, 6.41, 6.23, 6.3, 6.23, 6.11, 6.04, 6.07, 6.1, 6.22, 6.05, 8.52, 8.66, 8.9, 8.86, 8.83, 8.79, 8.83, 8.74, 8.66, 8.47, 8.79, 8.84, 8.93, 9.14, 9.29, 9.22, 8.74, 8.76, 9.09, 9.5, 9.72, 9.02, 9.35, 9.29, 8.88, 8.92, 9.08, 9.54, 9.01, 9.11, 9.91, 9.52
3.38, 2.89, 2.76, 2.66, 2.68, 2.57, 2.65, 2.69, 2.61, 2.71, 2.78, 2.68, 2.69, 2.71, 2.79, 2.84, 2.73, 2.76, 2.68, 2.63, 2.87, 2.96, 2.68, 2.74, 0.0, 1.58, 2.26, 2.36, 2.25, 2.32, 2.56, 2.89, 15.5, 6.67, 6.65, 6.17, 6.23, 6.46, 6.71, 6.57, 6.46, 6.53, 6.75, 6.94, 6.97, 6.52, 6.95, 6.92, 6.86, 6.47, 6.99, 6.69, 6.68, 6.64, 7.1, 6.99, 7.15, 6.73, 7.44, 7.21, 7.34, 7.04, 7.25, 7.59, 5.92, 5.94, 5.95, 5.79, 5.94, 5.72, 6.1, 5.76, 6.14, 6.09, 6.24, 7.15, 6.18, 6.36, 6.55, 6.15, 6.1, 6.0, 6.24, 9.78, 6.11, 6.02, 6.14, 6.16, 6.42, 6.76, 6.33, 6.16, 6.42, 6.23, 7.91, 6.73, 8.57, 8.63, 8.65, 9.17, 9.43, 9.23, 9.14, 8.95, 10.56, 8.94, 9.14, 9.4, 9.3, 9.21, 9.85, 9.3, 9.05, 9.13, 9.54, 9.42, 9.45, 10.03, 10.18, 9.35, 8.98, 9.29, 9.79, 9.24, 9.84, 9.77, 10.2, 10.26
3.42, 2.71, 2.86, 2.49, 2.73, 2.5, 2.5, 2.61, 2.88, 2.57, 2.76, 2.61, 2.59, 2.68, 2.81, 2.47, 2.56, 2.44, 2.38, 2.44, 2.49, 2.61, 2.57, 2.54, 1.58, 0.0, 2.29, 2.11, 2.45, 2.14, 2.4, 2.49, 15.52, 6.04, 6.01, 6.29, 6.06, 6.2, 6.88, 6.56, 6.43, 6.37, 6.78, 6.69, 8.31, 6.71, 6.87, 7.02, 6.42, 8.17, 7.04, 6.68, 6.84, 6.7, 8.19, 6.84, 8.13, 6.82, 7.11, 7.39, 7.1, 6.88, 7.7, 7.06, 7.21, 7.08, 6.04, 6.78, 6.37, 5.71, 5.87, 5.7, 6.26, 5.91, 6.31, 6.16, 6.23, 6.3, 6.28, 6.03, 6.27, 5.91, 5.99, 6.25, 6.15, 5.93, 6.13, 6.53, 6.37, 6.24, 6.11, 6.1, 6.91, 6.03, 6.07, 6.18, 8.33, 8.41, 8.48, 8.78, 8.44, 8.61, 8.63, 8.93, 8.66, 8.87, 9.24, 9.58, 9.19, 8.96, 9.5, 9.19, 8.93, 8.96, 9.16, 9.27, 9.01, 9.21, 9.52, 9.56, 9.1, 9.16, 9.55, 9.41, 9.52, 9.92, 9.57, 9.52
3.65, 3.02, 2.89, 2.64, 3.21, 2.76, 2.68, 2.73, 2.95, 2.9, 2.69, 2.61, 2.7, 2.75, 2.68, 2.64, 2.86, 2.52, 2.44, 2.6, 2.63, 2.75, 2.68, 2.68, 2.26, 2.29, 0.0, 1.73, 2.36, 2.1, 2.3, 2.48, 15.36, 6.32, 6.23, 6.64, 6.0, 6.19, 6.52, 6.33, 6.23, 6.33, 6.86, 6.45, 6.6, 6.39, 6.89, 7.15, 6.23, 6.35, 6.82, 6.38, 6.61, 6.57, 7.29, 6.88, 6.56, 6.58, 7.59, 6.85, 7.21, 7.05, 7.3, 6.88, 5.61, 5.71, 5.97, 5.79, 5.95, 5.81, 5.88, 5.89, 6.16, 5.9, 6.24, 5.97, 6.34, 6.04, 6.24, 6.37, 6.47, 5.9, 6.04, 5.92, 6.18, 6.04, 6.19, 5.98, 6.23, 6.34, 6.14, 6.13, 6.25, 5.88, 6.26, 6.27, 8.54, 8.3, 8.96, 8.7, 9.32, 9.2, 8.94, 8.77, 9.31, 8.91, 9.07, 9.24, 8.86, 9.22, 9.37, 9.55, 9.03, 9.04, 9.24, 9.18, 9.01, 9.44, 9.42, 9.91, 9.29, 9.06, 9.6, 9.3, 9.73, 9.49, 10.29, 9.33
3.81, 3.14, 3.23, 2.83, 3.32, 3.19, 2.76, 2.49, 3.27, 2.91, 2.95, 2.78, 2.75, 2.63, 2.62, 2.78, 3.11, 2.75, 2.66, 2.57, 2.73, 2.56, 2.5, 2.57, 2.36, 2.11, 1.73, 0.0, 2.3, 2.1, 2.38, 2.11, 14.96, 6.18, 5.97, 6.1, 6.0, 6.41, 6.42, 6.32, 6.27, 6.23, 6.56, 6.33, 6.25, 6.56, 6.66, 6.55, 6.34, 6.18, 6.43, 6.86, 6.63, 7.19, 7.01, 7.08, 6.78, 6.65, 6.92, 6.85, 6.8, 6.51, 7.31, 7.25, 5.97, 5.89, 6.11, 5.82, 5.94, 5.77, 6.08, 5.85, 6.23, 6.0, 6.29, 6.07, 6.24, 6.22, 6.0, 6.07, 6.07, 6.17, 6.35, 6.1, 6.09, 6.06, 6.17, 6.29, 6.25, 6.06, 6.36, 6.11, 6.11, 6.02, 6.2, 6.18, 8.16, 8.5, 8.63, 8.35, 8.69, 8.43, 8.47, 8.48, 8.64, 8.7, 9.08, 9.03, 8.59, 9.13, 9.51, 9.21, 8.81, 8.87, 8.85, 9.02, 8.91, 9.05, 9.2, 9.51, 8.65, 8.86, 9.31, 9.55, 9.26, 9.21, 9.39, 9.84
3.68, 2.96, 3.11, 2.71, 2.88, 2.75, 2.57, 2.5, 2.97, 2.68, 2.68, 2.64, 2.94, 2.61, 2.83, 3.01, 2.89, 2.65, 2.56, 2.61, 2.46, 2.52, 2.81, 2.82, 2.25, 2.45, 2.36, 2.3, 0.0, 1.58, 2.56, 2.36, 15.31, 6.31, 6.1, 6.25, 6.39, 6.12, 6.59, 6.42, 6.4, 6.44, 6.75, 6.53, 6.58, 6.43, 6.83, 6.79, 6.3, 6.38, 7.1, 6.89, 6.58, 6.56, 6.9, 6.72, 6.51, 6.88, 6.86, 6.73, 7.14, 6.86, 7.15, 6.96, 5.84, 5.94, 6.0, 5.86, 6.02, 5.81, 6.0, 5.87, 6.31, 5.98, 6.25, 5.97, 6.14, 6.15, 6.17, 6.21, 6.31, 11.56, 6.15, 5.87, 5.99, 5.85, 6.4, 5.97, 6.5, 5.94, 6.08, 5.99, 5.96, 6.02, 6.38, 6.02, 8.27, 9.0, 8.68, 8.68, 8.6, 8.81, 8.77, 8.99, 9.25, 9.11, 8.91, 9.11, 9.1, 9.03, 9.15, 9.55, 8.93, 8.84, 9.22, 9.14, 9.12, 9.62, 9.51, 9.26, 9.22, 9.07, 8.97, 9.53, 9.37, 9.27, 9.78, 9.57
3.82, 3.27, 3.11, 2.94, 3.12, 2.79, 2.74, 2.43, 3.09, 2.75, 2.77, 2.57, 2.67, 2.45, 2.7, 2.63, 3.11, 2.64, 2.64, 2.62, 2.71, 2.5, 2.47, 2.37, 2.32, 2.14, 2.1, 2.1, 1.58, 0.0, 2.31, 2.02, 14.08, 5.95, 6.23, 6.53, 5.97, 6.4, 6.65, 6.48, 6.35, 6.46, 6.51, 6.32, 6.52, 6.43, 7.03, 6.72, 6.41, 6.57, 6.63, 6.54, 6.73, 6.81, 6.69, 6.78, 6.43, 6.43, 6.85, 6.96, 7.1, 6.77, 7.07, 7.02, 5.9, 5.98, 6.07, 5.83, 6.14, 5.76, 6.08, 5.72, 6.17, 6.21, 6.54, 6.05, 6.0, 6.0, 6.13, 6.25, 6.11, 6.05, 6.32, 5.97, 6.32, 6.21, 6.31, 6.91, 6.16, 6.02, 5.96, 6.15, 6.12, 6.02, 6.16, 6.23, 8.38, 8.93, 8.62, 8.52, 9.41, 9.05, 9.24, 8.96, 8.95, 8.88, 9.37, 8.82, 8.98, 8.66, 9.21, 9.16, 8.68, 9.13, 8.9, 8.66, 8.82, 9.42, 9.04, 9.17, 8.64, 9.06, 9.26, 9.34, 9.29, 9.04, 9.23, 9.44
4.47, 3.37, 3.55, 3.06, 3.43, 2.93, 3.0, 2.61, 3.56, 2.98, 3.09, 2.69, 2.96, 2.85, 2.59, 2.82, 3.39, 3.16, 2.85, 2.68, 2.79, 2.69, 2.72, 2.59, 2.56, 2.4, 2.3, 2.38, 2.56, 2.31, 0.0, 1.55, 15.67, 6.16, 6.17, 6.02, 6.63, 6.05, 6.39, 6.24, 6.48, 6.13, 6.33, 6.39, 8.0, 6.22, 6.66, 6.88, 6.5, 6.42, 6.56, 6.42, 6.55, 6.44, 6.79, 6.83, 6.52, 6.43, 6.77, 6.58, 6.62, 6.35, 8.04, 6.75, 5.76, 5.84, 5.86, 5.92, 6.06, 5.76, 5.97, 5.9, 6.32, 6.19, 6.08, 5.96, 6.03, 6.05, 6.28, 6.06, 6.32, 5.91, 6.22, 6.26, 6.11, 5.99, 6.49, 6.72, 6.24, 6.08, 6.15, 6.03, 8.01, 6.54, 6.41, 6.18, 8.29, 8.56, 8.85, 9.14, 8.73, 9.0, 8.78, 8.61, 8.6, 9.02, 8.85, 8.85, 9.62, 8.96, 9.08, 9.28, 9.01, 8.73, 9.05, 9.12, 9.11, 9.18, 9.27, 9.34, 8.87, 9.09, 9.36, 9.28, 9.01, 9.31, 10.14, 9.74
4.69, 3.74, 3.78, 3.27, 3.57, 3.18, 3.51, 2.79, 3.58, 3.2, 3.51, 2.91, 3.29, 2.76, 2.89, 2.62, 3.56, 3.13, 3.22, 2.76, 3.18, 2.69, 2.68, 2.37, 2.89, 2.49, 2.48, 2.11, 2.36, 2.02, 1.55, 0.0, 14.97, 5.88, 6.11, 6.42, 5.96, 5.98, 7.16, 6.04, 6.22, 6.02, 6.08, 6.04, 6.06, 6.08, 6.53, 6.87, 6.19, 6.15, 6.13, 6.29, 6.03, 6.34, 6.49, 7.13, 6.42, 6.59, 6.46, 6.54, 6.36, 6.56, 6.91, 6.68, 5.8, 5.9, 6.01, 5.76, 5.97, 5.81, 5.82, 5.86, 6.09, 6.03, 6.08, 5.99, 6.45, 6.11, 6.15, 6.04, 6.04, 6.02, 6.16, 6.17, 6.07, 6.02, 6.13, 6.13, 6.38, 6.02, 6.18, 6.25, 6.53, 6.17, 6.13, 6.24, 8.44, 8.45, 8.6, 8.55, 8.66, 8.44, 8.7, 8.86, 8.83, 8.64, 8.73, 8.54, 8.84, 8.6, 8.8, 8.88, 8.98, 8.81, 8.83, 8.64, 8.93, 8.68, 9.01, 9.34, 9.21, 8.61, 9.05, 8.94, 8.88, 8.99, 9.67, 8.97
7.01, 15.39, 15.55, 15.24, 15.29, 14.04, 15.28, 13.79, 15.78, 15.08, 15.39, 14.79, 14.82, 14.86, 15.24, 15.54, 15.9, 14.28, 15.26, 14.67, 15.27, 14.91, 14.73, 14.87, 15.5, 15.52, 15.36, 14.96, 15.31, 14.08, 15.67, 14.97, 0.0, 1.71, 2.37, 2.39, 2.36, 2.61, 2.53, 2.78, 2.63, 2.73, 2.94, 3.11, 2.98, 3.06, 3.23, 3.4, 2.64, 2.83, 3.24, 3.29, 3.31, 3.5, 3.51, 3.97, 3.19, 3.25, 3.69, 3.69, 3.5, 3.99, 3.92, 4.19, 5.25, 5.47, 5.72, 5.57, 6.09, 5.59, 5.74, 5.95, 5.96, 5.73, 5.88, 5.61, 5.87, 5.64, 5.8, 5.67, 5.73, 5.69, 5.82, 5.82, 6.15, 5.77, 6.07, 5.76, 6.28, 5.97, 5.78, 5.68, 6.03, 5.74, 6.09, 5.8, 7.57, 8.34, 8.7, 8.22, 8.37, 8.2, 8.35, 8.25, 8.62, 8.44, 8.55, 8.3, 8.47, 8.49, 8.96, 8.46, 8.32, 8.42, 8.39, 8.84, 8.51, 8.52, 8.79, 8.85, 8.69, 8.39, 8.31, 8.44, 8.61, 8.43, 8.84, 9.37
7.05, 6.84, 6.79, 6.64, 6.67, 6.5, 6.38, 5.9, 6.93, 6.42, 7.23, 6.4, 6.38, 6.2, 6.22, 6.12, 6.98, 6.65, 6.61, 6.46, 6.41, 6.32, 6.5, 6.2, 6.67, 6.04, 6.32, 6.18, 6.31, 5.95, 6.16, 5.88, 1.71, 0.0, 2.41, 2.75, 2.47, 2.17, 2.49, 2.61, 2.7, 2.45, 2.58, 2.88, 2.45, 2.48, 2.75, 2.93, 2.88, 2.72, 2.82, 2.79, 2.84, 2.88, 3.17, 3.29, 2.56, 2.58, 2.98, 3.29, 3.24, 3.23, 3.35, 3.85, 5.76, 5.35, 5.78, 5.37, 5.3, 5.28, 5.3, 5.42, 5.61, 5.46, 5.52, 5.31, 5.47, 5.49, 5.75, 5.94, 5.68, 5.44, 5.68, 5.56, 5.85, 5.68, 5.75, 5.62, 5.77, 5.48, 5.59, 5.55, 5.78, 5.45, 5.73, 5.56, 7.94, 8.08, 8.11, 7.96, 8.15, 8.05, 8.05, 7.99, 8.5, 8.16, 8.43, 8.3, 8.3, 8.03, 8.39, 8.41, 8.33, 8.18, 8.71, 8.31, 8.16, 8.63, 8.46, 8.27, 8.43, 8.05, 8.67, 8.04, 8.57, 8.47, 8.37, 8.83
7.24, 6.98, 7.1, 6.79, 6.96, 6.75, 6.49, 6.2, 7.23, 6.49, 6.45, 6.36, 6.43, 6.38, 6.18, 6.44, 6.88, 6.95, 6.56, 6.12, 6.58, 6.15, 6.4, 6.02, 6.65, 6.01, 6.23, 5.97, 6.1, 6.23, 6.17, 6.11, 2.37, 2.41, 0.0, 1.53, 2.41, 2.21, 2.32, 2.35, 2.78, 2.52, 2.54, 2.84, 2.68, 2.66, 2.87, 3.02, 2.7, 2.73, 2.7, 3.08, 2.83, 3.22, 3.04, 3.78, 2.49, 2.76, 2.91, 3.13, 2.94, 3.36, 3.33, 3.61, 5.99, 5.53, 5.65, 5.35, 5.4, 5.28, 5.46, 5.33, 5.6, 5.71, 5.74, 5.42, 5.59, 5.35, 5.52, 5.59, 6.09, 5.56, 5.67, 5.48, 5.65, 5.58, 5.79, 5.55, 5.92, 5.62, 5.75, 5.47, 5.82, 5.58, 5.58, 5.56, 7.77, 8.07, 7.99, 7.88, 8.18, 8.02, 8.15, 8.42, 8.29, 8.16, 8.3, 8.27, 8.91, 8.07, 8.17, 8.1, 8.18, 8.2, 8.32, 8.17, 8.5, 8.59, 8.31, 8.49, 8.38, 8.55, 8.33, 8.37, 8.41, 8.75, 8.55, 8.51
6.61, 7.14, 6.7, 6.91, 6.75, 6.36, 6.44, 6.09, 6.97, 6.66, 6.6, 6.67, 6.64, 6.27, 6.24, 6.11, 6.97, 7.1, 7.05, 6.29, 6.48, 6.31, 6.35, 6.24, 6.17, 6.29, 6.64, 6.1, 6.25, 6.53, 6.02, 6.42, 2.39, 2.75, 1.53, 0.0, 2.45, 2.28, 2.43, 2.17, 2.61, 2.43, 2.46, 2.57, 2.6, 2.55, 2.48, 2.58, 2.67, 2.63, 2.68, 2.57, 2.65, 2.71, 2.86, 3.18, 2.49, 2.78, 2.97, 3.0, 2.75, 2.87, 3.17, 3.28, 5.89, 5.4, 5.46, 5.49, 5.29, 5.25, 5.4, 5.38, 5.66, 5.39, 5.48, 5.45, 5.9, 5.36, 5.56, 5.53, 5.64, 5.47, 5.82, 5.66, 5.63, 5.51, 5.61, 5.44, 5.72, 5.7, 5.63, 5.76, 5.54, 5.68, 5.72, 5.74, 8.02, 7.89, 8.1, 8.11, 8.11, 8.02, 7.94, 8.34, 8.39, 8.02, 8.17, 8.2, 8.51, 8.74, 8.79, 8.84, 8.42, 8.15, 8.24, 8.47, 8.55, 8.39, 8.18, 8.15, 8.31, 8.04, 8.23, 8.12, 8.39, 8.22, 8.49, 8.38
7.12, 7.84, 7.47, 6.75, 6.84, 6.41, 6.58, 6.14, 7.03, 6.85, 6.69, 6.78, 6.69, 6.43, 6.65, 5.99, 6.64, 6.25, 6.26, 6.32, 6.74, 6.57, 6.45, 6.06, 6.23, 6.06, 6.0, 6.0, 6.39, 5.97, 6.63, 5.96, 2.36, 2.47, 2.41, 2.45, 0.0, 1.51, 2.33, 2.37, 2.68, 2.49, 2.65, 2.7, 2.46, 2.78, 2.77, 2.9, 2.69, 2.55, 2.89, 2.77, 2.53, 2.95, 3.1, 3.25, 2.59, 2.79, 2.93, 3.16, 3.07, 3.36, 3.36, 3.59, 5.9, 5.34, 5.43, 5.2, 5.39, 5.47, 5.16, 5.36, 5.61, 5.66, 5.48, 5.69, 5.47, 5.81, 5.52, 5.44, 5.57, 5.52, 6.0, 5.55, 5.59, 5.46, 6.12, 5.56, 5.58, 5.5, 5.57, 5.43, 5.49, 5.39, 5.6, 5.76, 8.12, 8.08, 8.08, 7.99, 8.29, 7.9, 8.12, 7.96, 8.92, 8.59, 8.6, 8.23, 8.47, 8.73, 8.27, 8.34, 8.26, 8.08, 8.36, 8.44, 8.26, 8.26, 9.29, 8.55, 8.42, 8.05, 8.34, 8.11, 8.11, 8.39, 8.57, 8.79
6.78, 6.58, 7.28, 7.29, 6.69, 6.43, 6.37, 6.26, 6.63, 6.37, 7.13, 6.58, 6.57, 6.68, 6.31, 6.11, 6.92, 6.7, 6.71, 6.15, 6.46, 6.11, 6.43, 6.1, 6.46, 6.2, 6.19, 6.41, 6.12, 6.4, 6.05, 5.98, 2.61, 2.17, 2.21, 2.28, 1.51, 0.0, 2.39, 2.15, 2.61, 2.45, 2.61, 2.41, 2.51, 2.57, 2.66, 2.71, 2.58, 2.61, 2.9, 2.6, 2.74, 2.59, 2.81, 2.99, 2.59, 2.5, 2.64, 2.78, 2.74, 2.63, 3.05, 3.23, 5.83, 5.5, 5.48, 5.42, 5.25, 5.17, 5.32, 5.15, 5.67, 5.48, 5.58, 5.51, 5.66, 5.44, 5.8, 5.61, 5.64, 5.58, 5.53, 5.58, 5.47, 5.54, 5.54, 6.04, 5.52, 5.37, 5.55, 5.62, 5.55, 5.48, 5.56, 6.04, 7.64, 8.18, 8.08, 8.09, 7.9, 7.85, 8.04, 8.07, 8.09, 8.2, 8.18, 8.29, 8.41, 8.22, 8.26, 8.23, 8.32, 8.09, 8.27, 8.24, 8.18, 8.15, 8.31, 8.17, 8.45, 8.05, 8.16, 8.01, 8.24, 8.18, 8.2, 8.23
6.89, 7.03, 7.25, 7.99, 6.99, 6.91, 6.53, 6.67, 6.98, 7.0, 6.88, 6.84, 6.98, 6.68, 6.92, 6.15, 7.08, 7.77, 6.93, 6.06, 6.74, 6.5, 6.67, 6.32, 6.71, 6.88, 6.52, 6.42, 6.59, 6.65, 6.39, 7.16, 2.53, 2.49, 2.32, 2.43, 2.33, 2.39, 0.0, 1.41, 2.78, 2.48, 2.57, 2.42, 2.63, 2.48, 2.59, 2.75, 2.64, 2.73, 2.72, 2.86, 2.77, 2.61, 2.64, 2.88, 2.65, 2.56, 2.66, 2.98, 2.57, 2.79, 2.91, 3.23, 5.82, 5.39, 5.57, 5.38, 5.29, 5.57, 5.28, 5.6, 5.71, 5.54, 5.56, 5.4, 5.53, 5.67, 5.54, 5.57, 5.59, 5.55, 7.09, 5.56, 5.84, 5.42, 5.72, 5.7, 6.0, 5.96, 5.5, 5.48, 5.66, 5.43, 5.88, 6.11, 7.97, 8.18, 8.12, 8.07, 7.94, 7.94, 7.97, 7.99, 8.38, 8.35, 8.3, 8.33, 8.14, 8.12, 8.51, 8.28, 8.16, 8.23, 8.34, 8.36, 8.32, 8.38, 8.15, 8.7, 8.36, 8.22, 8.27, 8.01, 8.25, 8.78, 8.53, 8.02
6.74, 7.0, 7.25, 6.51, 6.73, 6.38, 6.67, 6.34, 7.03, 6.57, 7.6, 6.62, 6.9, 6.53, 6.7, 6.42, 6.9, 6.79, 6.53, 6.41, 7.0, 6.39, 6.45, 6.23, 6.57, 6.56, 6.33, 6.32, 6.42, 6.48, 6.24, 6.04, 2.78, 2.61, 2.35, 2.17, 2.37, 2.15, 1.41, 0.0, 2.59, 2.52, 2.55, 2.56, 2.82, 2.61, 2.72, 2.43, 2.71, 2.61, 2.71, 2.78, 2.76, 2.58, 2.6, 2.56, 2.61, 2.68, 2.56, 2.7, 2.78, 2.63, 2.68, 2.89, 5.75, 5.56, 5.41, 5.2, 5.42, 5.27, 5.32, 5.17, 5.57, 5.35, 5.69, 5.41, 5.52, 5.57, 5.54, 5.43, 5.63, 5.36, 5.53, 5.78, 5.68, 5.74, 5.68, 5.51, 5.71, 5.54, 6.0, 5.67, 5.61, 5.52, 5.85, 5.76, 7.79, 7.78, 8.04, 7.98, 8.52, 7.9, 8.21, 8.29, 8.42, 8.17, 8.38, 8.14, 8.25, 8.43, 8.29, 8.36, 8.49, 8.25, 8.22, 8.23, 8.4, 8.07, 8.45, 8.22, 9.18, 8.26, 8.83, 8.54, 8.42, 8.47, 8.7, 8.52
7.7, 7.33, 7.18, 6.59, 7.23, 6.52, 6.44, 6.25, 7.12, 6.94, 6.6, 6.69, 6.48, 6.51, 6.22, 6.17, 6.91, 7.14, 7.01, 6.42, 6.82, 6.43, 6.23, 6.63, 6.46, 6.43, 6.23, 6.27, 6.4, 6.35, 6.48, 6.22, 2.63, 2.7, 2.78, 2.61, 2.68, 2.61, 2.78, 2.59, 0.0, 1.44, 2.7, 2.46, 2.36, 2.3, 2.74, 2.68, 2.54, 2.57, 2.75, 2.73, 2.86, 2.73, 3.07, 3.33, 2.69, 2.82, 2.9, 3.37, 2.88, 3.23, 3.43, 3.83, 5.97, 5.64, 5.88, 5.77, 5.59, 5.6, 5.58, 5.84, 6.03, 5.87, 5.68, 5.7, 5.91, 5.79, 6.1, 5.79, 5.92, 5.82, 6.0, 5.83, 5.81, 5.93, 5.88, 5.83, 5.96, 5.79, 6.08, 5.84, 5.98, 5.63, 6.24, 5.78, 7.86, 8.18, 8.24, 8.15, 8.35, 8.17, 8.91, 8.39, 8.49, 8.62, 8.31, 8.61, 8.45, 8.22, 8.48, 8.33, 8.47, 8.28, 8.56, 8.55, 8.58, 8.79, 8.54, 8.55, 8.55, 8.3, 8.33, 8.52, 8.69, 8.56, 8.68, 9.01
6.65, 6.83, 6.87, 6.71, 7.81, 6.72, 6.48, 6.34, 6.96, 6.79, 7.3, 6.42, 7.05, 6.75, 6.37, 6.49, 6.78, 6.84, 6.73, 6.32, 6.82, 6.41, 6.52, 6.14, 6.53, 6.37, 6.33, 6.23, 6.44, 6.46, 6.13, 6.02, 2.73, 2.45, 2.52, 2.43, 2.49, 2.45, 2.48, 2.52, 1.44, 0.0, 2.47, 2.16, 2.5, 2.08, 2.55, 2.47, 2.69, 2.68, 2.59, 2.53, 2.75, 2.48, 2.7, 2.91, 2.64, 2.47, 2.76, 2.91, 2.88, 2.97, 3.18, 3.23, 6.12, 5.61, 5.72, 5.38, 5.46, 5.36, 5.53, 5.45, 5.74, 5.73, 5.75, 6.0, 6.02, 5.66, 5.84, 5.62, 5.9, 5.63, 5.73, 5.59, 5.68, 5.77, 5.81, 6.01, 5.74, 5.68, 5.99, 5.67, 5.81, 5.81, 6.04, 5.74, 7.96, 8.03, 8.37, 8.07, 8.17, 8.04, 8.2, 8.39, 8.44, 8.45, 8.71, 8.43, 8.34, 8.62, 8.42, 8.52, 8.33, 8.24, 8.25, 8.34, 8.54, 8.5, 8.82, 8.36, 8.65, 8.49, 8.45, 8.25, 8.46, 8.91, 8.67, 8.85
7.13, 7.3, 7.08, 6.9, 7.07, 6.99, 6.91, 6.41, 7.14, 6.95, 8.02, 6.61, 7.0, 6.63, 6.94, 6.39, 7.15, 6.98, 6.95, 6.89, 7.08, 6.55, 6.68, 6.44, 6.75, 6.78, 6.86, 6.56, 6.75, 6.51, 6.33, 6.08, 2.94, 2.58, 2.54, 2.46, 2.65, 2.61, 2.57, 2.55, 2.7, 2.47, 0.0, 1.4, 2.36, 2.21, 2.32, 2.26, 2.74, 2.52, 2.53, 2.55, 3.02, 2.64, 2.73, 2.77, 2.8, 2.68, 2.73, 2.79, 2.94, 2.91, 3.17, 3.4, 6.46, 5.65, 5.7, 5.7, 5.74, 5.72, 5.91, 5.52, 5.86, 5.81, 5.72, 5.79, 5.75, 5.7, 5.88, 5.72, 5.8, 5.72, 5.94, 5.59, 5.79, 5.69, 6.19, 5.89, 5.79, 5.72, 6.47, 6.5, 6.37, 6.26, 6.52, 6.11, 8.06, 8.21, 8.22, 8.5, 8.23, 8.15, 8.46, 8.2, 8.52, 8.31, 8.54, 8.38, 9.16, 8.72, 8.55, 8.53, 8.88, 8.75, 8.59, 8.81, 8.55, 8.54, 8.73, 9.18, 8.51, 8.24, 8.9, 8.63, 8.54, 8.54, 8.64, 8.63
6.75, 6.84, 6.97, 6.66, 6.82, 6.76, 6.58, 6.54, 6.81, 11.24, 7.06, 6.52, 7.29, 6.53, 6.51, 6.5, 6.98, 7.01, 6.61, 6.61, 6.97, 7.11, 6.71, 6.47, 6.94, 6.69, 6.45, 6.33, 6.53, 6.32, 6.39, 6.04, 3.11, 2.88, 2.84, 2.57, 2.7, 2.41, 2.42, 2.56, 2.46, 2.16, 1.4, 0.0, 2.35, 2.17, 2.38, 2.16, 2.64, 2.63, 2.57, 2.66, 2.71, 2.55, 2.5, 2.68, 2.72, 2.6, 2.92, 2.64, 2.68, 2.55, 3.2, 3.44, 5.92, 5.66, 5.65, 5.51, 5.7, 5.48, 5.59, 5.62, 5.82, 5.71, 6.11, 5.81, 5.89, 6.15, 6.22, 5.68, 6.12, 5.79, 5.94, 5.82, 5.71, 5.87, 6.33, 5.73, 6.14, 5.63, 6.09, 5.82, 6.05, 5.56, 5.84, 5.79, 8.11, 8.19, 8.13, 8.22, 8.42, 8.06, 8.4, 8.33, 8.33, 8.37, 8.49, 8.58, 8.65, 8.85, 8.47, 8.43, 8.62, 8.76, 8.43, 8.94, 8.78, 8.39, 8.76, 8.65, 8.46, 8.4, 8.35, 8.35, 8.9, 8.59, 8.71, 8.9
7.68, 7.35, 7.77, 7.44, 6.96, 7.21, 6.64, 6.46, 7.21, 7.02, 7.38, 6.89, 6.98, 6.53, 6.6, 6.91, 7.47, 7.18, 6.68, 6.6, 7.14, 6.44, 6.49, 6.44, 6.97, 8.31, 6.6, 6.25, 6.58, 6.52, 8.0, 6.06, 2.98, 2.45, 2.68, 2.6, 2.46, 2.51, 2.63, 2.82, 2.36, 2.5, 2.36, 2.35, 0.0, 1.5, 2.31, 2.33, 2.64, 2.6, 2.62, 2.51, 2.56, 2.58, 2.66, 2.86, 2.84, 2.6, 2.88, 2.8, 2.77, 2.9, 3.01, 3.38, 5.99, 5.68, 5.97, 5.47, 5.82, 5.4, 5.52, 5.33, 5.77, 5.57, 6.01, 5.59, 5.95, 5.68, 5.97, 5.79, 5.82, 5.75, 5.91, 8.49, 6.89, 6.48, 7.42, 7.57, 6.2, 6.06, 5.74, 5.78, 5.85, 5.66, 6.05, 5.7, 7.98, 8.48, 8.13, 8.5, 8.46, 7.93, 8.25, 8.18, 8.72, 8.64, 8.69, 8.39, 8.4, 8.32, 8.48, 8.25, 8.36, 8.47, 8.6, 8.44, 8.49, 8.25, 8.59, 9.23, 8.5, 8.35, 8.82, 8.51, 8.93, 8.72, 8.72, 8.29
7.14, 6.79, 6.9, 6.83, 6.65, 6.75, 6.87, 6.54, 8.91, 7.13, 7.67, 6.8, 6.9, 6.89, 6.65, 6.68, 6.77, 8.03, 6.54, 6.87, 6.85, 6.7, 6.71, 6.63, 6.52, 6.71, 6.39, 6.56, 6.43, 6.43, 6.22, 6.08, 3.06, 2.48, 2.66, 2.55, 2.78, 2.57, 2.48, 2.61, 2.3, 2.08, 2.21, 2.17, 1.5, 0.0, 2.33, 2.15, 2.6, 2.59, 3.03, 2.48, 2.57, 2.57, 2.62, 2.53, 2.72, 2.65, 2.62, 2.57, 2.73, 2.44, 2.9, 2.81, 6.0, 5.71, 5.58, 5.48, 5.55, 5.42, 5.54, 5.49, 5.75, 5.66, 5.72, 5.69, 5.64, 5.8, 5.76, 6.05, 5.66, 5.92, 5.85, 5.6, 5.83, 5.7, 6.0, 5.85, 6.1, 5.6, 5.95, 6.07, 5.84, 5.66, 5.91, 5.87, 7.93, 7.91, 8.34, 8.13, 8.57, 8.1, 8.39, 8.17, 8.45, 8.22, 8.46, 8.49, 8.34, 8.33, 8.89, 8.31, 8.28, 8.35, 8.32, 8.27, 8.4, 8.19, 8.33, 8.26, 8.73, 7.98, 8.37, 8.33, 8.85, 8.29, 8.52, 8.36
7.2, 7.32, 7.07, 7.22, 7.38, 7.07, 7.09, 6.89, 9.64, 7.23, 7.34, 6.97, 7.18, 7.09, 7.35, 6.72, 7.24, 7.17, 6.99, 6.87, 7.37, 6.81, 6.73, 6.72, 6.95, 6.87, 6.89, 6.66, 6.83, 7.03, 6.66, 6.53, 3.23, 2.75, 2.87, 2.48, 2.77, 2.66, 2.59, 2.72, 2.74, 2.55, 2.32, 2.38, 2.31, 2.33, 0.0, 1.54, 2.86, 2.68, 2.78, 2.63, 2.78, 2.69, 2.62, 2.74, 2.83, 2.52, 2.71, 2.66, 2.58, 2.7, 2.72, 2.94, 6.35, 5.79, 5.79, 5.53, 5.63, 5.5, 5.59, 5.71, 5.71, 5.72, 5.78, 5.7, 5.84, 5.7, 5.89, 5.79, 5.73, 5.82, 5.92, 5.58, 6.06, 5.74, 5.88, 5.78, 6.08, 6.97, 5.9, 5.78, 5.79, 5.59, 5.93, 5.97, 8.21, 8.13, 8.16, 7.94, 8.31, 8.15, 8.4, 8.17, 8.39, 8.39, 8.53, 8.38, 8.22, 8.54, 8.34, 8.51, 8.56, 8.32, 8.29, 8.54, 8.52, 8.39, 8.55, 8.44, 8.54, 8.72, 8.64, 8.49, 8.52, 8.38, 8.74, 8.26
7.19, 7.51, 7.06, 7.09, 6.9, 7.16, 6.68, 6.76, 7.07, 6.99, 7.31, 6.79, 6.93, 6.64, 9.61, 6.57, 7.09, 6.88, 6.78, 6.95, 7.04, 6.71, 6.91, 6.62, 6.92, 7.02, 7.15, 6.55, 6.79, 6.72, 6.88, 6.87, 3.4, 2.93, 3.02, 2.58, 2.9, 2.71, 2.75, 2.43, 2.68, 2.47, 2.26, 2.16, 2.33, 2.15, 1.54, 0.0, 2.83, 2.55, 2.7, 2.61, 2.73, 2.54, 2.63, 2.5, 2.73, 2.9, 2.62, 2.72, 2.71, 2.68, 2.72, 2.56, 6.05, 5.65, 5.71, 5.49, 5.58, 5.3, 5.57, 5.45, 5.88, 5.65, 5.74, 5.68, 5.71, 5.65, 5.7, 5.68, 5.88, 5.76, 5.83, 5.91, 5.74, 5.56, 6.39, 5.93, 5.9, 5.72, 5.74, 5.71, 6.11, 6.06, 6.22, 5.87, 7.92, 8.18, 8.11, 8.17, 8.23, 8.08, 8.2, 8.44, 8.38, 8.26, 8.44, 8.35, 8.46, 8.48, 8.48, 8.33, 8.41, 8.35, 8.41, 8.27, 8.41, 8.23, 8.42, 8.38, 8.45, 8.33, 8.56, 8.22, 8.45, 8.3, 8.53, 8.55
7.45, 7.29, 7.2, 6.99, 7.67, 6.91, 6.69, 6.23, 7.1, 6.96, 6.9, 6.67, 6.87, 6.85, 6.15, 6.26, 6.91, 6.94, 6.62, 6.49, 6.45, 6.36, 6.26, 6.23, 6.86, 6.42, 6.23, 6.34, 6.3, 6.41, 6.5, 6.19, 2.64, 2.88, 2.7, 2.67, 2.69, 2.58, 2.64, 2.71, 2.54, 2.69, 2.74, 2.64, 2.64, 2.6, 2.86, 2.83, 0.0, 1.43, 2.37, 2.47, 2.39, 2.63, 2.77, 2.9, 2.46, 2.64, 2.95, 3.21, 2.75, 3.03, 3.15, 3.47, 6.33, 5.7, 5.78, 5.61, 5.85, 5.51, 5.78, 5.43, 6.01, 5.77, 6.0, 5.94, 5.74, 5.72, 6.15, 6.1, 5.87, 5.83, 5.91, 5.79, 5.72, 5.84, 5.91, 5.77, 5.77, 5.64, 5.79, 5.69, 6.15, 5.69, 6.07, 6.06, 8.03, 8.03, 8.15, 8.06, 8.17, 8.29, 8.32, 8.1, 8.38, 8.3, 8.48, 8.29, 8.39, 8.56, 8.65, 8.19, 8.46, 8.55, 8.36, 8.65, 8.55, 8.69, 8.56, 8.51, 8.74, 8.44, 8.99, 8.38, 8.92, 8.51, 8.54, 8.64
6.75, 6.98, 6.76, 6.61, 6.67, 6.86, 6.52, 6.27, 6.99, 6.76, 8.03, 6.54, 6.55, 6.39, 9.22, 6.21, 7.38, 6.79, 6.61, 6.54, 7.01, 6.36, 6.44, 6.11, 6.47, 8.17, 6.35, 6.18, 6.38, 6.57, 6.42, 6.15, 2.83, 2.72, 2.73, 2.63, 2.55, 2.61, 2.73, 2.61, 2.57, 2.68, 2.52, 2.63, 2.6, 2.59, 2.68, 2.55, 1.43, 0.0, 2.37, 2.09, 2.29, 2.19, 2.53, 2.57, 2.8, 2.38, 2.49, 2.96, 2.53, 2.71, 2.79, 3.1, 6.23, 5.72, 5.73, 5.52, 6.13, 5.6, 5.54, 5.45, 5.97, 6.54, 5.98, 5.75, 5.8, 6.27, 6.16, 6.0, 6.19, 5.79, 6.04, 6.13, 6.2, 6.24, 5.69, 5.7, 5.89, 5.61, 6.06, 5.69, 5.67, 5.94, 6.04, 5.92, 7.88, 8.07, 8.3, 8.28, 8.74, 22.07, 8.33, 8.41, 8.85, 8.19, 8.44, 8.31, 8.41, 8.31, 8.45, 8.83, 8.48, 8.61, 8.52, 8.63, 8.65, 8.39, 8.57, 8.31, 8.65, 8.11, 8.42, 8.81, 8.66, 8.37, 8.59, 8.5
7.52, 7.11, 7.17, 6.74, 7.3, 7.54, 6.77, 6.47, 7.57, 7.21, 7.3, 6.85, 7.18, 6.7, 7.47, 6.37, 7.42, 7.27, 7.06, 6.81, 6.94, 6.72, 6.81, 6.37, 6.99, 7.04, 6.82, 6.43, 7.1, 6.63, 6.56, 6.13, 3.24, 2.82, 2.7, 2.68, 2.89, 2.9, 2.72, 2.71, 2.75, 2.59, 2.53, 2.57, 2.62, 3.03, 2.78, 2.7, 2.37, 2.37, 0.0, 1.29, 2.26, 2.14, 2.36, 2.58, 2.82, 2.41, 2.5, 2.69, 2.73, 2.64, 2.8, 3.08, 6.44, 5.75, 5.72, 5.64, 5.68, 5.58, 5.72, 5.47, 6.01, 5.7, 5.74, 5.85, 5.87, 5.89, 5.72, 5.67, 5.71, 5.71, 5.73, 6.06, 5.82, 5.65, 5.67, 5.86, 6.0, 5.83, 5.8, 5.72, 6.02, 5.63, 5.97, 6.36, 7.98, 8.06, 8.19, 7.9, 8.29, 8.3, 8.16, 8.24, 8.48, 8.51, 8.42, 8.48, 8.65, 8.4, 8.46, 8.25, 8.34, 8.45, 8.54, 8.59, 8.53, 8.5, 8.38, 8.7, 8.45, 8.34, 8.46, 8.24, 8.65, 8.57, 8.63, 8.47
7.07, 7.1, 7.21, 6.78, 6.75, 7.05, 6.66, 8.16, 24.43, 6.92, 7.16, 6.7, 6.89, 6.83, 6.61, 6.66, 7.14, 7.34, 7.17, 6.8, 6.96, 6.65, 6.84, 6.39, 6.69, 6.68, 6.38, 6.86, 6.89, 6.54, 6.42, 6.29, 3.29, 2.79, 3.08, 2.57, 2.77, 2.6, 2.86, 2.78, 2.73, 2.53, 2.55, 2.66, 2.51, 2.48, 2.63, 2.61, 2.47, 2.09, 1.29, 0.0, 2.32, 2.17, 2.23, 2.2, 2.66, 2.52, 2.62, 2.39, 2.51, 2.44, 2.69, 2.72, 6.17, 5.53, 5.88, 5.64, 5.78, 5.52, 5.79, 5.54, 6.06, 5.69, 5.73, 5.71, 5.87, 6.0, 5.87, 5.62, 5.86, 5.79, 6.12, 5.83, 5.78, 5.63, 5.85, 5.78, 5.85, 5.58, 6.04, 5.74, 5.77, 5.88, 5.95, 5.99, 8.25, 8.2, 8.29, 8.03, 8.21, 8.22, 8.22, 8.12, 8.23, 8.45, 8.5, 8.61, 8.32, 8.12, 8.56, 8.5, 8.4, 8.49, 8.63, 8.38, 8.5, 8.52, 8.44, 8.71, 8.63, 8.39, 8.49, 8.49, 8.54, 8.31, 8.79, 8.12
