0.0, 13.59, 13.65, 14.76, 13.89, 14.76, 14.52, 14.02, 13.53, 14.29, 14.3, 14.63, 13.95, 14.24, 14.04, 14.0, 14.28, 14.13, 15.12, 15.31, 14.78, 16.8, 15.89, 15.54, 14.54, 15.92, 15.68, 15.05, 15.14, 16.04, 15.68, 15.89
13.59, 0.0, 13.91, 14.19, 13.93, 13.51, 14.08, 13.99, 13.61, 13.32, 14.15, 13.72, 14.08, 13.74, 14.5, 13.97, 14.47, 13.54, 15.75, 13.82, 14.37, 14.35, 17.33, 15.26, 14.56, 14.36, 16.12, 14.55, 15.23, 15.41, 15.29, 16.14
13.65, 13.91, 0.0, 15.52, 14.24, 13.35, 13.79, 13.5, 13.53, 13.55, 13.33, 13.94, 13.69, 13.82, 13.72, 14.13, 14.69, 15.25, 14.35, 13.61, 15.72, 15.73, 14.77, 15.23, 14.8, 15.93, 15.11, 14.92, 15.84, 16.36, 15.25, 14.96
14.76, 14.19, 15.52, 0.0, 12.79, 12.53, 13.11, 12.48, 12.41, 12.37, 12.68, 12.02, 13.53, 12.84, 12.95, 12.92, 16.43, 14.75, 15.1, 14.14, 16.92, 16.05, 15.82, 14.76, 16.31, 15.69, 15.83, 14.8, 16.98, 15.65, 15.52, 14.98
13.89, 13.93, 14.24, 12.79, 0.0, 13.69, 12.92, 13.37, 12.66, 13.18, 13.01, 13.01, 12.72, 13.84, 13.42, 13.81, 14.9, 15.95, 16.39, 16.45, 14.24, 14.36, 14.84, 16.0, 15.06, 15.49, 16.39, 16.15, 15.35, 15.98, 15.63, 15.94
14.76, 13.51, 13.35, 12.53, 13.69, 0.0, 13.51, 12.65, 12.83, 12.27, 12.96, 12.57, 12.78, 12.75, 13.41, 13.2, 16.0, 14.72, 15.88, 15.78, 14.43, 14.72, 15.64, 14.51, 15.86, 15.29, 16.74, 15.86, 15.41, 14.95, 17.89, 15.04
14.52, 14.08, 13.79, 13.11, 12.92, 13.51, 0.0, 13.01, 13.17, 13.36, 11.75, 12.65, 13.69, 13.26, 12.59, 14.53, 15.88, 16.06, 16.01, 16.11, 15.03, 15.44, 14.68, 14.42, 16.95, 16.41, 16.9, 16.0, 15.44, 15.98, 15.33, 15.91
14.02, 13.99, 13.5, 12.48, 13.37, 12.65, 13.01, 0.0, 13.64, 11.99, 12.75, 11.55, 13.5, 13.29, 13.08, 12.9, 16.89, 15.15, 16.22, 15.95, 15.83, 14.94, 13.86, 14.18, 16.22, 16.09, 16.6, 15.11, 15.82, 15.14, 15.41, 15.03
13.53, 13.61, 13.53, 12.41, 12.66, 12.83, 13.17, 13.64, 0.0, 13.15, 12.43, 13.06, 13.43, 13.8, 13.29, 13.87, 14.13, 14.51, 15.83, 16.48, 15.26, 16.16, 15.66, 16.49, 14.29, 14.95, 15.63, 16.07, 15.11, 15.39, 15.81, 16.12
14.29, 13.32, 13.55, 12.37, 13.18, 12.27, 13.36, 11.99, 13.15, 0.0, 12.81, 12.41, 13.32, 13.16, 13.62, 12.93, 14.67, 14.31, 16.69, 15.31, 15.8, 14.93, 16.39, 15.95, 14.17, 14.52, 15.74, 14.51, 15.93, 15.47, 15.84, 15.19
14.3, 14.15, 13.33, 12.68, 13.01, 12.96, 11.75, 12.75, 12.43, 12.81, 0.0, 13.5, 13.83, 14.23, 13.07, 13.45, 14.68, 16.74, 15.31, 14.77, 15.88, 16.09, 14.93, 15.82, 14.3, 15.89, 15.17, 14.11, 15.11, 15.76, 15.19, 16.31
14.63, 13.72, 13.94, 12.02, 13.01, 12.57, 12.65, 11.55, 13.06, 12.41, 13.5, 0.0, 14.26, 13.1, 13.96, 12.7, 16.39, 15.62, 15.71, 14.09, 15.68, 15.53, 15.9, 15.13, 16.61, 14.56, 14.71, 14.47, 16.6, 16.33, 15.93, 14.95
13.95, 14.08, 13.69, 13.53, 12.72, 12.78, 13.69, 13.5, 13.43, 13.32, 13.83, 14.26, 0.0, 13.59, 12.88, 12.95, 15.06, 15.49, 16.05, 16.66, 15.02, 15.26, 15.3, 15.81, 14.58, 16.03, 15.7, 16.14, 14.89, 15.3, 15.13, 15.9
14.24, 13.74, 13.82, 12.84, 13.84, 12.75, 13.26, 13.29, 13.8, 13.16, 14.23, 13.1, 13.59, 0.0, 13.56, 12.6, 15.6, 15.46, 16.52, 16.38, 15.21, 14.58, 15.63, 15.17, 15.26, 15.08, 16.27, 15.31, 14.68, 15.06, 16.69, 14.56
14.04, 14.5, 13.72, 12.95, 13.42, 13.41, 12.59, 13.08, 13.29, 13.62, 13.07, 13.96, 12.88, 13.56, 0.0, 14.49, 16.83, 16.13, 15.81, 15.92, 15.54, 16.19, 14.3, 15.43, 15.76, 15.65, 15.61, 15.31, 14.72, 16.16, 14.42, 14.99
14.0, 13.97, 14.13, 12.92, 13.81, 13.2, 14.53, 12.9, 13.87, 12.93, 13.45, 12.7, 12.95, 12.6, 14.49, 0.0, 16.79, 15.41, 16.18, 15.69, 16.4, 15.63, 15.68, 14.92, 16.15, 16.28, 16.8, 15.4, 15.85, 14.43, 14.23, 14.24
14.28, 14.47, 14.69, 16.43, 14.9, 16.0, 15.88, 16.89, 14.13, 14.67, 14.68, 16.39, 15.06, 15.6, 16.83, 16.79, 0.0, 15.82, 17.7, 17.51, 15.95, 17.17, 17.05, 17.94, 15.57, 16.79, 17.88, 17.43, 17.36, 18.28, 18.91, 19.21
14.13, 13.54, 15.25, 14.75, 15.95, 14.72, 16.06, 15.15, 14.51, 14.31, 16.74, 15.62, 15.49, 15.46, 16.13, 15.41, 15.82, 0.0, 18.72, 16.66, 16.29, 16.12, 17.93, 17.86, 16.81, 15.34, 18.96, 16.98, 17.73, 18.18, 19.56, 18.5
15.12, 15.75, 14.35, 15.1, 16.39, 15.88, 16.01, 16.22, 15.83, 16.69, 15.31, 15.71, 16.05, 16.52, 15.81, 16.18, 17.7, 18.72, 0.0, 16.38, 17.72, 17.69, 16.66, 16.89, 16.76, 19.28, 17.1, 15.81, 16.59, 18.64, 18.61, 19.22
15.31, 13.82, 13.61, 14.14, 16.45, 15.78, 16.11, 15.95, 16.48, 15.31, 14.77, 14.09, 16.66, 16.38, 15.92, 15.69, 17.51, 16.66, 16.38, 0.0, 17.75, 17.4, 16.24, 15.3, 17.63, 16.56, 17.62, 15.14, 18.14, 18.48, 19.38, 18.48
14.78, 14.37, 15.72, 16.92, 14.24, 14.43, 15.03, 15.83, 15.26, 15.8, 15.88, 15.68, 15.02, 15.21, 15.54, 16.4, 15.95, 16.29, 17.72, 17.75, 0.0, 16.22, 16.18, 17.41, 17.17, 17.69, 18.63, 18.19, 16.19, 16.78, 17.85, 18.64
16.8, 14.35, 15.73, 16.05, 14.36, 14.72, 15.44, 14.94, 16.16, 14.93, 16.09, 15.53, 15.26, 14.58, 16.19, 15.63, 17.17, 16.12, 17.69, 17.4, 16.22, 0.0, 18.41, 16.74, 16.61, 17.01, 19.51, 17.34, 16.77, 15.5, 18.59, 17.6
15.89, 17.33, 14.77, 15.82, 14.84, 15.64, 14.68, 13.86, 15.66, 16.39, 14.93, 15.9, 15.3, 15.63, 14.3, 15.68, 17.05, 17.93, 16.66, 16.24, 16.18, 18.41, 0.0, 16.38, 17.36, 18.16, 19.06, 18.0, 17.85, 18.11, 17.44, 17.32
15.54, 15.26, 15.23, 14.76, 16.0, 14.51, 14.42, 14.18, 16.49, 15.95, 15.82, 15.13, 15.81, 15.17, 15.43, 14.92, 17.94, 17.86, 16.89, 15.3, 17.41, 16.74, 16.38, 0.0, 17.13, 17.76, 18.15, 16.45, 17.96, 17.16, 17.18, 16.77
14.54, 14.56, 14.8, 16.31, 15.06, 15.86, 16.95, 16.22, 14.29, 14.17, 14.3, 16.61, 14.58, 15.26, 15.76, 16.15, 15.57, 16.81, 16.76, 17.63, 17.17, 16.61, 17.36, 17.13, 0.0, 16.29, 17.26, 18.06, 16.41, 16.5, 17.37, 18.03
15.92, 14.36, 15.93, 15.69, 15.49, 15.29, 16.41, 16.09, 14.95, 14.52, 15.89, 14.56, 16.03, 15.08, 15.65, 16.28, 16.79, 15.34, 19.28, 16.56, 17.69, 17.01, 18.16, 17.76, 16.29, 0.0, 18.79, 17.25, 16.6, 17.29, 17.84, 17.09
15.68, 16.12, 15.11, 15.83, 16.39, 16.74, 16.9, 16.6, 15.63, 15.74, 15.17, 14.71, 15.7, 16.27, 15.61, 16.8, 17.88, 18.96, 17.1, 17.62, 18.63, 19.51, 19.06, 18.15, 17.26, 18.79, 0.0, 16.23, 16.79, 18.53, 17.84, 17.99
15.05, 14.55, 14.92, 14.8, 16.15, 15.86, 16.0, 15.11, 16.07, 14.51, 14.11, 14.47, 16.14, 15.31, 15.31, 15.4, 17.43, 16.98, 15.81, 15.14, 18.19, 17.34, 18.0, 16.45, 18.06, 17.25, 16.23, 0.0, 16.71, 17.6, 18.12, 16.47
15.14, 15.23, 15.84, 16.98, 15.35, 15.41, 15.44, 15.82, 15.11, 15.93, 15.11, 16.6, 14.89, 14.68, 14.72, 15.85, 17.36, 17.73, 16.59, 18.14, 16.19, 16.77, 17.85, 17.96, 16.41, 16.6, 16.79, 16.71, 0.0, 16.23, 17.67, 17.45
16.04, 15.41, 16.36, 15.65, 15.98, 14.95, 15.98, 15.14, 15.39, 15.47, 15.76, 16.33, 15.3, 15.06, 16.16, 14.43, 18.28, 18.18, 18.64, 18.48, 16.78, 15.5, 18.11, 17.16, 16.5, 17.29, 18.53, 17.6, 16.23, 0.0, 17.29, 17.97
15.68, 15.29, 15.25, 15.52, 15.63, 17.89, 15.33, 15.41, 15.81, 15.84, 15.19, 15.93, 15.13, 16.69, 14.42, 14.23, 18.91, 19.56, 18.61, 19.38, 17.85, 18.59, 17.44, 17.18, 17.37, 17.84, 17.84, 18.12, 17.67, 17.29, 0.0, 16.12
15.89, 16.14, 14.96, 14.98, 15.94, 15.04, 15.91, 15.03, 16.12, 15.19, 16.31, 14.95, 15.9, 14.56, 14.99, 14.24, 19.21, 18.5, 19.22, 18.48, 18.64, 17.6, 17.32, 16.77, 18.03, 17.09, 17.99, 16.47, 17.45, 17.97, 16.12, 0.0
