0.0, 15.359999999999999, 20.489999999999998, 21.039999999999999, 23.699999999999999, 22.800000000000001, 23.890000000000001, 22.530000000000001, 22.640000000000001, 23.23, 22.920000000000002, 23.43, 22.579999999999998, 23.0, 21.870000000000001, 21.969999999999999, 22.239999999999998, 23.0, 23.960000000000001, 24.190000000000001, 22.690000000000001, 23.640000000000001, 22.73, 23.039999999999999, 23.390000000000001, 23.02, 23.280000000000001, 23.25, 22.34, 23.52, 26.41, 25.48
15.359999999999999, 0.0, 27.190000000000001, 23.84, 29.420000000000002, 24.690000000000001, 28.050000000000001, 24.489999999999998, 27.859999999999999, 24.52, 28.75, 23.989999999999998, 28.960000000000001, 24.34, 28.050000000000001, 24.030000000000001, 29.41, 25.300000000000001, 28.77, 25.59, 28.420000000000002, 24.91, 28.140000000000001, 24.960000000000001, 29.030000000000001, 25.140000000000001, 32.880000000000003, 26.739999999999998, 29.84, 26.719999999999999, 28.98, 25.809999999999999
20.489999999999998, 27.190000000000001, 0.0, 12.32, 18.890000000000001, 20.5, 23.260000000000002, 23.379999999999999, 22.539999999999999, 23.66, 22.109999999999999, 22.670000000000002, 21.5, 23.5, 21.57, 22.739999999999998, 24.059999999999999, 24.609999999999999, 21.850000000000001, 22.780000000000001, 21.68, 23.920000000000002, 21.98, 23.760000000000002, 23.550000000000001, 24.379999999999999, 25.579999999999998, 24.030000000000001, 23.780000000000001, 23.600000000000001, 22.199999999999999, 22.739999999999998
21.039999999999999, 23.84, 12.32, 0.0, 26.859999999999999, 23.600000000000001, 28.379999999999999, 24.739999999999998, 28.09, 24.52, 28.199999999999999, 24.52, 28.289999999999999, 24.239999999999998, 28.199999999999999, 24.809999999999999, 29.59, 25.25, 29.989999999999998, 25.059999999999999, 28.530000000000001, 25.760000000000002, 27.739999999999998, 25.289999999999999, 28.629999999999999, 25.489999999999998, 30.109999999999999, 27.350000000000001, 29.98, 27.370000000000001, 29.68, 27.0
23.699999999999999, 29.420000000000002, 18.890000000000001, 26.859999999999999, 0.0, 11.199999999999999, 19.579999999999998, 21.640000000000001, 22.91, 24.390000000000001, 21.789999999999999, 23.280000000000001, 21.760000000000002, 22.77, 22.469999999999999, 23.780000000000001, 24.149999999999999, 24.489999999999998, 23.739999999999998, 24.579999999999998, 23.050000000000001, 24.370000000000001, 23.5, 24.48, 24.530000000000001, 24.199999999999999, 24.850000000000001, 26.0, 24.800000000000001, 23.66, 23.289999999999999, 24.27
22.800000000000001, 24.690000000000001, 20.5, 23.600000000000001, 11.199999999999999, 0.0, 26.629999999999999, 24.0, 28.579999999999998, 24.75, 27.57, 24.170000000000002, 28.559999999999999, 24.170000000000002, 28.0, 24.5, 29.690000000000001, 25.25, 29.640000000000001, 24.890000000000001, 29.899999999999999, 24.98, 27.760000000000002, 25.190000000000001, 28.399999999999999, 24.809999999999999, 29.969999999999999, 27.170000000000002, 29.739999999999998, 27.41, 29.210000000000001, 26.390000000000001
23.890000000000001, 28.050000000000001, 23.260000000000002, 28.379999999999999, 19.579999999999998, 26.629999999999999, 0.0, 10.32, 19.149999999999999, 21.120000000000001, 22.41, 22.940000000000001, 22.420000000000002, 23.48, 21.739999999999998, 22.5, 23.600000000000001, 24.739999999999998, 22.690000000000001, 23.75, 21.93, 22.879999999999999, 21.109999999999999, 22.530000000000001, 23.390000000000001, 24.550000000000001, 23.170000000000002, 24.800000000000001, 23.210000000000001, 24.5, 22.920000000000002, 22.960000000000001
22.530000000000001, 24.489999999999998, 23.379999999999999, 24.739999999999998, 21.640000000000001, 24.0, 10.32, 0.0, 27.699999999999999, 23.859999999999999, 29.780000000000001, 25.190000000000001, 28.780000000000001, 24.57, 27.77, 24.289999999999999, 29.629999999999999, 25.66, 30.899999999999999, 27.140000000000001, 30.41, 24.559999999999999, 28.460000000000001, 24.190000000000001, 28.309999999999999, 25.219999999999999, 30.27, 26.18, 28.93, 26.109999999999999, 28.969999999999999, 26.170000000000002
22.640000000000001, 27.859999999999999, 22.539999999999999, 28.09, 22.91, 28.579999999999998, 19.149999999999999, 27.699999999999999, 0.0, 12.77, 19.399999999999999, 21.620000000000001, 22.09, 23.359999999999999, 22.210000000000001, 23.050000000000001, 23.210000000000001, 24.59, 23.600000000000001, 24.48, 22.800000000000001, 23.780000000000001, 23.420000000000002, 23.550000000000001, 23.010000000000002, 23.41, 24.059999999999999, 25.210000000000001, 23.73, 25.140000000000001, 23.859999999999999, 25.100000000000001
23.23, 24.52, 23.66, 24.52, 24.390000000000001, 24.75, 21.120000000000001, 23.859999999999999, 12.77, 0.0, 27.59, 23.48, 28.780000000000001, 24.920000000000002, 27.809999999999999, 24.640000000000001, 29.489999999999998, 25.559999999999999, 30.140000000000001, 25.890000000000001, 29.829999999999998, 25.309999999999999, 28.949999999999999, 24.66, 29.809999999999999, 25.25, 29.449999999999999, 26.550000000000001, 29.75, 26.460000000000001, 29.399999999999999, 26.43
22.920000000000002, 28.75, 22.109999999999999, 28.199999999999999, 21.789999999999999, 27.57, 22.41, 29.780000000000001, 19.399999999999999, 27.59, 0.0, 12.460000000000001, 19.420000000000002, 21.68, 22.469999999999999, 23.510000000000002, 24.48, 24.32, 23.23, 24.66, 23.219999999999999, 24.219999999999999, 23.66, 24.039999999999999, 23.73, 24.59, 23.68, 25.010000000000002, 23.420000000000002, 25.18, 24.059999999999999, 24.530000000000001
23.43, 23.989999999999998, 22.670000000000002, 24.52, 23.280000000000001, 24.170000000000002, 22.940000000000001, 25.190000000000001, 21.620000000000001, 23.48, 12.460000000000001, 0.0, 26.870000000000001, 23.399999999999999, 27.98, 24.600000000000001, 29.399999999999999, 25.23, 29.93, 25.260000000000002, 28.800000000000001, 25.420000000000002, 28.670000000000002, 24.809999999999999, 30.18, 24.899999999999999, 29.34, 25.789999999999999, 28.690000000000001, 26.129999999999999, 28.609999999999999, 25.989999999999998
22.579999999999998, 28.960000000000001, 21.5, 28.289999999999999, 21.760000000000002, 28.559999999999999, 22.420000000000002, 28.780000000000001, 22.09, 28.780000000000001, 19.420000000000002, 26.870000000000001, 0.0, 12.630000000000001, 19.710000000000001, 21.280000000000001, 23.75, 24.829999999999998, 23.66, 25.41, 22.710000000000001, 24.93, 22.879999999999999, 24.0, 24.010000000000002, 24.699999999999999, 25.489999999999998, 25.870000000000001, 23.02, 24.359999999999999, 23.18, 24.93
23.0, 24.34, 23.5, 24.239999999999998, 22.77, 24.170000000000002, 23.48, 24.57, 23.359999999999999, 24.920000000000002, 21.68, 23.399999999999999, 12.630000000000001, 0.0, 26.140000000000001, 23.600000000000001, 28.609999999999999, 25.800000000000001, 29.640000000000001, 24.989999999999998, 28.989999999999998, 25.460000000000001, 28.27, 25.420000000000002, 29.960000000000001, 25.829999999999998, 30.420000000000002, 26.5, 30.469999999999999, 26.09, 29.039999999999999, 26.149999999999999
21.870000000000001, 28.050000000000001, 21.57, 28.199999999999999, 22.469999999999999, 28.0, 21.739999999999998, 27.77, 22.210000000000001, 27.809999999999999, 22.469999999999999, 27.98, 19.710000000000001, 26.140000000000001, 0.0, 11.460000000000001, 20.309999999999999, 22.57, 23.170000000000002, 24.27, 22.23, 23.699999999999999, 22.190000000000001, 23.280000000000001, 23.710000000000001, 25.649999999999999, 23.550000000000001, 24.41, 23.579999999999998, 23.829999999999998, 22.149999999999999, 22.859999999999999
21.969999999999999, 24.030000000000001, 22.739999999999998, 24.809999999999999, 23.780000000000001, 24.5, 22.5, 24.289999999999999, 23.050000000000001, 24.640000000000001, 23.510000000000002, 24.600000000000001, 21.280000000000001, 23.600000000000001, 11.460000000000001, 0.0, 28.239999999999998, 26.149999999999999, 30.199999999999999, 26.300000000000001, 29.239999999999998, 25.370000000000001, 28.260000000000002, 25.02, 30.420000000000002, 25.859999999999999, 29.620000000000001, 25.82, 29.59, 25.32, 29.16, 24.710000000000001
22.239999999999998, 29.41, 24.059999999999999, 29.59, 24.149999999999999, 29.690000000000001, 23.600000000000001, 29.629999999999999, 23.210000000000001, 29.489999999999998, 24.48, 29.399999999999999, 23.75, 28.609999999999999, 20.309999999999999, 28.239999999999998, 0.0, 12.369999999999999, 18.940000000000001, 21.559999999999999, 21.800000000000001, 23.43, 22.620000000000001, 23.25, 21.280000000000001, 22.93, 23.23, 23.899999999999999, 22.960000000000001, 24.039999999999999, 22.960000000000001, 24.280000000000001
23.0, 25.300000000000001, 24.609999999999999, 25.25, 24.489999999999998, 25.25, 24.739999999999998, 25.66, 24.59, 25.559999999999999, 24.32, 25.23, 24.829999999999998, 25.800000000000001, 22.57, 26.149999999999999, 12.369999999999999, 0.0, 27.449999999999999, 23.350000000000001, 29.030000000000001, 24.920000000000002, 27.850000000000001, 24.23, 28.18, 24.329999999999998, 29.32, 25.370000000000001, 29.57, 25.190000000000001, 29.09, 24.370000000000001
23.960000000000001, 28.77, 21.850000000000001, 29.989999999999998, 23.739999999999998, 29.640000000000001, 22.690000000000001, 30.899999999999999, 23.600000000000001, 30.140000000000001, 23.23, 29.93, 23.66, 29.640000000000001, 23.170000000000002, 30.199999999999999, 18.940000000000001, 27.449999999999999, 0.0, 13.34, 18.73, 20.989999999999998, 22.210000000000001, 23.190000000000001, 21.899999999999999, 22.780000000000001, 23.059999999999999, 24.34, 22.82, 24.34, 23.43, 24.09
24.190000000000001, 25.59, 22.780000000000001, 25.059999999999999, 24.579999999999998, 24.890000000000001, 23.75, 27.140000000000001, 24.48, 25.890000000000001, 24.66, 25.260000000000002, 25.41, 24.989999999999998, 24.27, 26.300000000000001, 21.559999999999999, 23.350000000000001, 13.34, 0.0, 26.120000000000001, 23.379999999999999, 28.030000000000001, 24.530000000000001, 27.84, 24.289999999999999, 28.010000000000002, 24.82, 28.77, 25.010000000000002, 29.07, 24.530000000000001
22.690000000000001, 28.420000000000002, 21.68, 28.530000000000001, 23.050000000000001, 29.899999999999999, 21.93, 30.41, 22.800000000000001, 29.829999999999998, 23.219999999999999, 28.800000000000001, 22.710000000000001, 28.989999999999998, 22.23, 29.239999999999998, 21.800000000000001, 29.030000000000001, 18.73, 26.120000000000001, 0.0, 12.19, 19.100000000000001, 21.199999999999999, 22.260000000000002, 23.34, 23.649999999999999, 24.18, 22.719999999999999, 23.800000000000001, 23.210000000000001, 24.469999999999999
23.640000000000001, 24.91, 23.920000000000002, 25.760000000000002, 24.370000000000001, 24.98, 22.879999999999999, 24.559999999999999, 23.780000000000001, 25.309999999999999, 24.219999999999999, 25.420000000000002, 24.93, 25.460000000000001, 23.699999999999999, 25.370000000000001, 23.43, 24.920000000000002, 20.989999999999998, 23.379999999999999, 12.19, 0.0, 26.34, 23.379999999999999, 28.420000000000002, 24.550000000000001, 28.829999999999998, 25.23, 28.34, 25.050000000000001, 28.629999999999999, 24.949999999999999
22.73, 28.140000000000001, 21.98, 27.739999999999998, 23.5, 27.760000000000002, 21.109999999999999, 28.460000000000001, 23.420000000000002, 28.949999999999999, 23.66, 28.670000000000002, 22.879999999999999, 28.27, 22.190000000000001, 28.260000000000002, 22.620000000000001, 27.850000000000001, 22.210000000000001, 28.030000000000001, 19.100000000000001, 26.34, 0.0, 12.67, 19.399999999999999, 20.989999999999998, 22.559999999999999, 23.960000000000001, 22.649999999999999, 23.629999999999999, 21.969999999999999, 23.370000000000001
23.039999999999999, 24.960000000000001, 23.760000000000002, 25.289999999999999, 24.48, 25.190000000000001, 22.530000000000001, 24.190000000000001, 23.550000000000001, 24.66, 24.039999999999999, 24.809999999999999, 24.0, 25.420000000000002, 23.280000000000001, 25.02, 23.25, 24.23, 23.190000000000001, 24.530000000000001, 21.199999999999999, 23.379999999999999, 12.67, 0.0, 27.289999999999999, 23.710000000000001, 29.649999999999999, 25.859999999999999, 29.050000000000001, 25.23, 28.75, 25.170000000000002
23.390000000000001, 29.030000000000001, 23.550000000000001, 28.629999999999999, 24.530000000000001, 28.399999999999999, 23.390000000000001, 28.309999999999999, 23.010000000000002, 29.809999999999999, 23.73, 30.18, 24.010000000000002, 29.960000000000001, 23.710000000000001, 30.420000000000002, 21.280000000000001, 28.18, 21.899999999999999, 27.84, 22.260000000000002, 28.420000000000002, 19.399999999999999, 27.289999999999999, 0.0, 12.75, 19.73, 21.510000000000002, 23.199999999999999, 23.59, 22.84, 23.850000000000001
23.02, 25.140000000000001, 24.379999999999999, 25.489999999999998, 24.199999999999999, 24.809999999999999, 24.550000000000001, 25.219999999999999, 23.41, 25.25, 24.59, 24.899999999999999, 24.699999999999999, 25.829999999999998, 25.649999999999999, 25.859999999999999, 22.93, 24.329999999999998, 22.780000000000001, 24.289999999999999, 23.34, 24.550000000000001, 20.989999999999998, 23.710000000000001, 12.75, 0.0, 27.530000000000001, 24.030000000000001, 29.050000000000001, 25.629999999999999, 28.329999999999998, 25.510000000000002
23.280000000000001, 32.880000000000003, 25.579999999999998, 30.109999999999999, 24.850000000000001, 29.969999999999999, 23.170000000000002, 30.27, 24.059999999999999, 29.449999999999999, 23.68, 29.34, 25.489999999999998, 30.420000000000002, 23.550000000000001, 29.620000000000001, 23.23, 29.32, 23.059999999999999, 28.010000000000002, 23.649999999999999, 28.829999999999998, 22.559999999999999, 29.649999999999999, 19.73, 27.530000000000001, 0.0, 12.26, 19.219999999999999, 20.710000000000001, 22.23, 23.079999999999998
23.25, 26.739999999999998, 24.030000000000001, 27.350000000000001, 26.0, 27.170000000000002, 24.800000000000001, 26.18, 25.210000000000001, 26.550000000000001, 25.010000000000002, 25.789999999999999, 25.870000000000001, 26.5, 24.41, 25.82, 23.899999999999999, 25.370000000000001, 24.34, 24.82, 24.18, 25.23, 23.960000000000001, 25.859999999999999, 21.510000000000002, 24.030000000000001, 12.26, 0.0, 26.170000000000002, 23.300000000000001, 28.100000000000001, 24.579999999999998
22.34, 29.84, 23.780000000000001, 29.98, 24.800000000000001, 29.739999999999998, 23.210000000000001, 28.93, 23.73, 29.75, 23.420000000000002, 28.690000000000001, 23.02, 30.469999999999999, 23.579999999999998, 29.59, 22.960000000000001, 29.57, 22.82, 28.77, 22.719999999999999, 28.34, 22.649999999999999, 29.050000000000001, 23.199999999999999, 29.050000000000001, 19.219999999999999, 26.170000000000002, 0.0, 12.789999999999999, 19.420000000000002, 21.300000000000001
23.52, 26.719999999999999, 23.600000000000001, 27.370000000000001, 23.66, 27.41, 24.5, 26.109999999999999, 25.140000000000001, 26.460000000000001, 25.18, 26.129999999999999, 24.359999999999999, 26.09, 23.829999999999998, 25.32, 24.039999999999999, 25.190000000000001, 24.34, 25.010000000000002, 23.800000000000001, 25.050000000000001, 23.629999999999999, 25.23, 23.59, 25.629999999999999, 20.710000000000001, 23.300000000000001, 12.789999999999999, 0.0, 26.609999999999999, 23.199999999999999
26.41, 28.98, 22.199999999999999, 29.68, 23.289999999999999, 29.210000000000001, 22.920000000000002, 28.969999999999999, 23.859999999999999, 29.399999999999999, 24.059999999999999, 28.609999999999999, 23.18, 29.039999999999999, 22.149999999999999, 29.16, 22.960000000000001, 29.09, 23.43, 29.07, 23.210000000000001, 28.629999999999999, 21.969999999999999, 28.75, 22.84, 28.329999999999998, 22.23, 28.100000000000001, 19.420000000000002, 26.609999999999999, 0.0, 11.42
25.48, 25.809999999999999, 22.739999999999998, 27.0, 24.27, 26.390000000000001, 22.960000000000001, 26.170000000000002, 25.100000000000001, 26.43, 24.530000000000001, 25.989999999999998, 24.93, 26.149999999999999, 22.859999999999999, 24.710000000000001, 24.280000000000001, 24.370000000000001, 24.09, 24.530000000000001, 24.469999999999999, 24.949999999999999, 23.370000000000001, 25.170000000000002, 23.850000000000001, 25.510000000000002, 23.079999999999998, 24.579999999999998, 21.300000000000001, 23.199999999999999, 11.42, 0.0
