0.0, 74.3, 65.9, 102.59, 37.61, 62.48, 87.03, 60.61, 60.89, 61.81, 69.98, 64.26, 52.13, 75.28, 92.1, 71.9, 54.21, 104.08, 57.17, 91.79, 72.8, 119.04, 62.56, 141.48, 38.37, 105.32, 58.92, 47.81, 49.03, 87.28, 92.01, 54.15
74.3, 0.0, 57.57, 73.46, 88.41, 46.22, 63.74, 65.5, 69.51, 61.02, 87.21, 48.36, 65.62, 66.05, 74.37, 61.87, 80.09, 44.57, 64.74, 69.96, 119.66, 111.9, 96.84, 86.16, 57.01, 84.44, 85.56, 39.89, 91.55, 92.87, 80.66, 108.36
65.9, 57.57, 0.0, 115.76, 46.34, 53.38, 88.45, 70.29, 89.84, 86.34, 53.06, 66.24, 53.9, 77.54, 125.93, 103.87, 73.9, 47.91, 41.46, 65.67, 60.3, 65.18, 57.79, 71.24, 37.63, 49.36, 67.19, 63.66, 54.38, 92.14, 80.96, 78.77
102.59, 73.46, 115.76, 0.0, 52.98, 49.23, 68.62, 40.3, 72.37, 68.17, 66.74, 38.68, 51.72, 90.69, 71.64, 62.43, 70.73, 76.14, 47.68, 38.24, 54.82, 112.92, 79.07, 64.83, 41.53, 48.15, 106.1, 76.5, 68.83, 58.11, 94.74, 52.95
37.61, 88.41, 46.34, 52.98, 0.0, 69.6, 86.05, 59.29, 46.63, 52.97, 60.75, 37.89, 46.85, 57.28, 112.97, 66.24, 43.49, 113.36, 78.08, 73.56, 45.8, 49.4, 65.53, 66.21, 51.95, 104.29, 49.13, 64.26, 42.38, 72.93, 76.44, 95.85
62.48, 46.22, 53.38, 49.23, 69.6, 0.0, 78.01, 74.72, 74.62, 52.41, 71.65, 61.58, 59.47, 63.01, 81.41, 73.63, 65.68, 56.28, 61.73, 45.08, 80.05, 52.52, 72.0, 55.11, 39.93, 45.5, 44.61, 48.69, 51.22, 51.79, 66.24, 60.71
87.03, 63.74, 88.45, 68.62, 86.05, 78.01, 0.0, 49.76, 57.9, 48.92, 49.14, 68.27, 47.33, 63.77, 71.87, 65.25, 57.95, 64.3, 67.91, 67.07, 51.14, 109.66, 34.29, 118.5, 50.96, 57.63, 71.47, 62.49, 74.54, 61.6, 125.99, 60.51
60.61, 65.5, 70.29, 40.3, 59.29, 74.72, 49.76, 0.0, 70.04, 51.55, 50.01, 32.49, 42.13, 70.67, 155.83, 64.33, 63.85, 108.31, 78.67, 49.34, 92.1, 105.51, 72.82, 56.16, 71.7, 62.41, 56.87, 61.44, 57.43, 56.98, 63.16, 61.32
60.89, 69.51, 89.84, 72.37, 46.63, 74.62, 57.9, 70.04, 0.0, 51.26, 66.75, 57.42, 45.59, 60.37, 66.12, 80.33, 111.76, 146.3, 51.9, 72.08, 83.53, 73.12, 97.45, 105.85, 46.53, 53.71, 64.09, 75.02, 45.59, 64.57, 56.32, 84.04
61.81, 61.02, 86.34, 68.17, 52.97, 52.41, 48.92, 51.55, 51.26, 0.0, 63.97, 50.75, 65.47, 39.91, 126.02, 49.93, 81.64, 90.93, 100.03, 58.92, 81.33, 54.62, 87.7, 80.4, 74.25, 54.46, 100.65, 65.07, 97.08, 67.62, 94.4, 69.83
69.98, 87.21, 53.06, 66.74, 60.75, 71.65, 49.14, 50.01, 66.75, 63.97, 0.0, 59.31, 33.68, 52.72, 77.39, 82.34, 76.1, 153.06, 82.65, 66.95, 40.1, 118.82, 100.9, 82.9, 78.73, 57.98, 55.3, 104.93, 62.2, 85.92, 80.82, 91.84
64.26, 48.36, 66.24, 38.68, 37.89, 61.58, 68.27, 32.49, 57.42, 50.75, 59.31, 0.0, 72.79, 53.16, 95.8, 85.16, 49.04, 45.53, 118.69, 89.59, 44.8, 43.78, 102.84, 65.66, 97.21, 42.63, 124.46, 35.61, 60.44, 83.16, 115.48, 77.16
52.13, 65.62, 53.9, 51.72, 46.85, 59.47, 47.33, 42.13, 45.59, 65.47, 33.68, 72.79, 0.0, 56.98, 69.04, 60.6, 63.22, 67.68, 70.07, 56.66, 96.53, 103.06, 86.5, 64.35, 42.79, 63.56, 67.93, 53.9, 59.9, 61.45, 92.32, 74.61
75.28, 66.05, 77.54, 90.69, 57.28, 63.01, 63.77, 70.67, 60.37, 39.91, 52.72, 53.16, 56.98, 0.0, 113.29, 82.39, 104.34, 83.34, 108.41, 55.88, 68.91, 48.27, 85.6, 54.56, 73.31, 56.77, 94.91, 100.77, 83.71, 68.9, 62.32, 69.65
92.1, 74.37, 125.93, 71.64, 112.97, 81.41, 71.87, 155.83, 66.12, 126.02, 77.39, 95.8, 69.04, 113.29, 0.0, 60.31, 80.39, 112.67, 64.52, 55.57, 55.14, 91.12, 51.26, 91.34, 44.31, 84.0, 56.46, 92.22, 53.46, 80.71, 36.21, 55.99
71.9, 61.87, 103.87, 62.43, 66.24, 73.63, 65.25, 64.33, 80.33, 49.93, 82.34, 85.16, 60.6, 82.39, 60.31, 0.0, 44.86, 33.09, 43.14, 35.96, 58.15, 46.55, 80.21, 40.58, 48.03, 47.3, 63.63, 42.71, 71.72, 59.45, 54.68, 32.51
54.21, 80.09, 73.9, 70.73, 43.49, 65.68, 57.95, 63.85, 111.76, 81.64, 76.1, 49.04, 63.22, 104.34, 80.39, 44.86, 0.0, 48.9, 69.32, 62.7, 38.91, 57.47, 47.77, 46.66, 37.24, 52.08, 38.0, 72.66, 36.44, 47.51, 85.82, 47.14
104.08, 44.57, 47.91, 76.14, 113.36, 56.28, 64.3, 108.31, 146.3, 90.93, 153.06, 45.53, 67.68, 83.34, 112.67, 33.09, 48.9, 0.0, 53.61, 63.74, 45.33, 41.82, 114.42, 66.95, 54.29, 41.3, 97.84, 40.58, 49.16, 44.9, 102.11, 59.46
57.17, 64.74, 41.46, 47.68, 78.08, 61.73, 67.91, 78.67, 51.9, 100.03, 82.65, 118.69, 70.07, 108.41, 64.52, 43.14, 69.32, 53.61, 0.0, 82.56, 50.75, 46.49, 59.67, 64.02, 32.72, 57.68, 47.12, 145.45, 50.43, 56.82, 55.86, 34.56
91.79, 69.96, 65.67, 38.24, 73.56, 45.08, 67.07, 49.34, 72.08, 58.92, 66.95, 89.59, 56.66, 55.88, 55.57, 35.96, 62.7, 63.74, 82.56, 0.0, 73.35, 57.32, 53.24, 68.99, 87.66, 55.36, 45.29, 51.08, 56.32, 59.77, 101.18, 82.72
72.8, 119.66, 60.3, 54.82, 45.8, 80.05, 51.14, 92.1, 83.53, 81.33, 40.1, 44.8, 96.53, 68.91, 55.14, 58.15, 38.91, 45.33, 50.75, 73.35, 0.0, 46.54, 44.91, 54.86, 54.91, 54.65, 53.2, 61.74, 37.45, 52.59, 85.51, 78.01
119.04, 111.9, 65.18, 112.92, 49.4, 52.52, 109.66, 105.51, 73.12, 54.62, 118.82, 43.78, 103.06, 48.27, 91.12, 46.55, 57.47, 41.82, 46.49, 57.32, 46.54, 0.0, 69.91, 52.37, 70.55, 41.72, 46.91, 46.46, 79.18, 38.19, 134.2, 53.64
62.56, 96.84, 57.79, 79.07, 65.53, 72.0, 34.29, 72.82, 97.45, 87.7, 100.9, 102.84, 86.5, 85.6, 51.26, 80.21, 47.77, 114.42, 59.67, 53.24, 44.91, 69.91, 0.0, 195.17, 54.1, 81.49, 75.46, 60.61, 50.3, 60.62, 44.9, 59.96
141.48, 86.16, 71.24, 64.83, 66.21, 55.11, 118.5, 56.16, 105.85, 80.4, 82.9, 65.66, 64.35, 54.56, 91.34, 40.58, 46.66, 66.95, 64.02, 68.99, 54.86, 52.37, 195.17, 0.0, 145.21, 56.41, 91.92, 34.67, 55.74, 59.49, 72.31, 33.61
38.37, 57.01, 37.63, 41.53, 51.95, 39.93, 50.96, 71.7, 46.53, 74.25, 78.73, 97.21, 42.79, 73.31, 44.31, 48.03, 37.24, 54.29, 32.72, 87.66, 54.91, 70.55, 54.1, 145.21, 0.0, 59.47, 61.76, 51.54, 43.51, 89.06, 91.35, 57.13
105.32, 84.44, 49.36, 48.15, 104.29, 45.5, 57.63, 62.41, 53.71, 54.46, 57.98, 42.63, 63.56, 56.77, 84.0, 47.3, 52.08, 41.3, 57.68, 55.36, 54.65, 41.72, 81.49, 56.41, 59.47, 0.0, 79.54, 65.45, 54.18, 43.64, 99.66, 50.04
58.92, 85.56, 67.19, 106.1, 49.13, 44.61, 71.47, 56.87, 64.09, 100.65, 55.3, 124.46, 67.93, 94.91, 56.46, 63.63, 38.0, 97.84, 47.12, 45.29, 53.2, 46.91, 75.46, 91.92, 61.76, 79.54, 0.0, 43.89, 35.43, 75.8, 62.64, 62.55
47.81, 39.89, 63.66, 76.5, 64.26, 48.69, 62.49, 61.44, 75.02, 65.07, 104.93, 35.61, 53.9, 100.77, 92.22, 42.71, 72.66, 40.58, 145.45, 51.08, 61.74, 46.46, 60.61, 34.67, 51.54, 65.45, 43.89, 0.0, 61.34, 45.27, 98.63, 61.83
49.03, 91.55, 54.38, 68.83, 42.38, 51.22, 74.54, 57.43, 45.59, 97.08, 62.2, 60.44, 59.9, 83.71, 53.46, 71.72, 36.44, 49.16, 50.43, 56.32, 37.45, 79.18, 50.3, 55.74, 43.51, 54.18, 35.43, 61.34, 0.0, 78.87, 103.89, 72.87
87.28, 92.87, 92.14, 58.11, 72.93, 51.79, 61.6, 56.98, 64.57, 67.62, 85.92, 83.16, 61.45, 68.9, 80.71, 59.45, 47.51, 44.9, 56.82, 59.77, 52.59, 38.19, 60.62, 59.49, 89.06, 43.64, 75.8, 45.27, 78.87, 0.0, 55.84, 46.45
92.01, 80.66, 80.96, 94.74, 76.44, 66.24, 125.99, 63.16, 56.32, 94.4, 80.82, 115.48, 92.32, 62.32, 36.21, 54.68, 85.82, 102.11, 55.86, 101.18, 85.51, 134.2, 44.9, 72.31, 91.35, 99.66, 62.64, 98.63, 103.89, 55.84, 0.0, 42.5
54.15, 108.36, 78.77, 52.95, 95.85, 60.71, 60.51, 61.32, 84.04, 69.83, 91.84, 77.16, 74.61, 69.65, 55.99, 32.51, 47.14, 59.46, 34.56, 82.72, 78.01, 53.64, 59.96, 33.61, 57.13, 50.04, 62.55, 61.83, 72.87, 46.45, 42.5, 0.0
