0.0, 26.02, 19.59, 27.469999999999999, 6.0599999999999996, 30.050000000000001, 29.460000000000001, 29.82, 6.2599999999999998, 29.68, 29.73, 30.350000000000001, 6.7999999999999998, 29.899999999999999, 29.760000000000002, 30.82, 6.6699999999999999, 32.390000000000001, 29.32, 29.829999999999998, 6.7800000000000002, 31.390000000000001, 29.039999999999999, 28.129999999999999, 6.25, 28.579999999999998, 27.379999999999999, 27.879999999999999, 6.25, 36.560000000000002, 29.030000000000001, 28.260000000000002
26.02, 0.0, 25.079999999999998, 17.550000000000001, 31.75, 6.0300000000000002, 29.690000000000001, 30.780000000000001, 32.18, 6.1100000000000003, 29.379999999999999, 30.32, 31.969999999999999, 6.2199999999999998, 30.0, 30.469999999999999, 32.0, 6.0099999999999998, 30.149999999999999, 30.550000000000001, 31.780000000000001, 5.21, 30.010000000000002, 30.530000000000001, 32.020000000000003, 5.3899999999999997, 29.699999999999999, 30.460000000000001, 32.079999999999998, 5.4000000000000004, 29.5, 30.309999999999999
19.59, 25.079999999999998, 0.0, 22.68, 30.390000000000001, 29.32, 5.7800000000000002, 35.640000000000001, 31.34, 30.02, 6.3799999999999999, 28.199999999999999, 30.82, 30.059999999999999, 6.1200000000000001, 28.09, 30.420000000000002, 29.870000000000001, 6.0999999999999996, 27.719999999999999, 30.91, 30.16, 5.2599999999999998, 28.399999999999999, 30.600000000000001, 29.760000000000002, 6.0, 28.219999999999999, 30.920000000000002, 29.789999999999999, 5.8099999999999996, 28.27
27.469999999999999, 17.550000000000001, 22.68, 0.0, 30.329999999999998, 29.050000000000001, 28.149999999999999, 5.9500000000000002, 30.48, 29.550000000000001, 27.829999999999998, 6.54, 30.27, 29.629999999999999, 28.34, 5.5099999999999998, 30.219999999999999, 29.989999999999998, 28.329999999999998, 6.0700000000000003, 30.489999999999998, 30.260000000000002, 28.149999999999999, 6.0800000000000001, 30.120000000000001, 29.91, 27.879999999999999, 5.9299999999999997, 30.260000000000002, 29.289999999999999, 28.57, 5.7999999999999998
6.0599999999999996, 31.75, 30.390000000000001, 30.329999999999998, 0.0, 30.23, 29.699999999999999, 30.129999999999999, 5.1100000000000003, 38.909999999999997, 29.649999999999999, 30.550000000000001, 5.2999999999999998, 30.449999999999999, 29.93, 31.18, 5.4000000000000004, 29.969999999999999, 29.620000000000001, 30.010000000000002, 5.2599999999999998, 30.579999999999998, 30.609999999999999, 30.48, 5.4000000000000004, 38.859999999999999, 30.390000000000001, 30.199999999999999, 4.3899999999999997, 30.879999999999999, 30.5, 30.43
30.050000000000001, 6.0300000000000002, 29.32, 29.050000000000001, 30.23, 0.0, 29.25, 29.260000000000002, 31.66, 5.04, 28.739999999999998, 28.98, 31.100000000000001, 4.5300000000000002, 28.84, 29.68, 31.190000000000001, 5.0899999999999999, 28.710000000000001, 29.640000000000001, 30.579999999999998, 5.8300000000000001, 29.41, 28.829999999999998, 31.699999999999999, 5.5700000000000003, 37.280000000000001, 29.579999999999998, 31.780000000000001, 5.3499999999999996, 28.960000000000001, 29.41
29.460000000000001, 29.690000000000001, 5.7800000000000002, 28.149999999999999, 29.699999999999999, 29.25, 0.0, 27.82, 30.050000000000001, 29.129999999999999, 5.5300000000000002, 27.48, 29.760000000000002, 28.899999999999999, 5.5899999999999999, 27.629999999999999, 29.949999999999999, 28.670000000000002, 5.4400000000000004, 27.710000000000001, 30.16, 29.420000000000002, 5.2300000000000004, 27.84, 30.129999999999999, 29.079999999999998, 5.4199999999999999, 27.75, 30.170000000000002, 37.020000000000003, 4.4800000000000004, 27.84
29.82, 30.780000000000001, 35.640000000000001, 5.9500000000000002, 30.129999999999999, 29.260000000000002, 27.82, 0.0, 30.84, 29.16, 27.859999999999999, 5.4000000000000004, 29.870000000000001, 29.559999999999999, 28.18, 5.3099999999999996, 37.82, 29.300000000000001, 27.850000000000001, 5.54, 29.48, 29.379999999999999, 28.23, 5.46, 30.550000000000001, 28.949999999999999, 27.739999999999998, 5.6100000000000003, 29.629999999999999, 29.440000000000001, 27.879999999999999, 4.6200000000000001
6.2599999999999998, 32.18, 31.34, 30.48, 5.1100000000000003, 31.66, 30.050000000000001, 30.84, 0.0, 30.98, 30.359999999999999, 30.879999999999999, 5.5800000000000001, 31.079999999999998, 30.129999999999999, 30.68, 5.5499999999999998, 31.030000000000001, 30.530000000000001, 38.829999999999998, 5.4699999999999998, 31.289999999999999, 31.190000000000001, 31.27, 5.75, 39.310000000000002, 30.739999999999998, 30.59, 5.21, 31.27, 30.690000000000001, 30.870000000000001
29.68, 6.1100000000000003, 30.02, 29.550000000000001, 38.909999999999997, 5.04, 29.129999999999999, 29.16, 30.98, 0.0, 30.039999999999999, 29.280000000000001, 30.460000000000001, 5.0599999999999996, 29.800000000000001, 30.039999999999999, 31.210000000000001, 4.8399999999999999, 29.760000000000002, 29.32, 31.280000000000001, 5.4500000000000002, 29.199999999999999, 29.73, 31.260000000000002, 5.6299999999999999, 29.829999999999998, 29.98, 31.109999999999999, 5.3099999999999996, 29.48, 29.829999999999998
29.73, 29.379999999999999, 6.3799999999999999, 27.829999999999998, 29.649999999999999, 28.739999999999998, 5.5300000000000002, 27.859999999999999, 30.359999999999999, 30.039999999999999, 0.0, 27.84, 30.120000000000001, 29.84, 4.9900000000000002, 27.77, 30.0, 29.760000000000002, 4.7000000000000002, 27.949999999999999, 30.02, 29.329999999999998, 5.4900000000000002, 28.170000000000002, 29.59, 29.550000000000001, 5.1399999999999997, 27.829999999999998, 30.199999999999999, 29.07, 5.3399999999999999, 27.52
30.350000000000001, 30.32, 28.199999999999999, 6.54, 30.550000000000001, 28.98, 27.48, 5.4000000000000004, 30.879999999999999, 29.280000000000001, 27.84, 0.0, 30.640000000000001, 29.199999999999999, 27.93, 5.7699999999999996, 38.020000000000003, 29.77, 27.940000000000001, 5.1200000000000001, 30.68, 30.129999999999999, 28.260000000000002, 4.54, 29.84, 29.140000000000001, 27.27, 5.2300000000000004, 30.09, 29.010000000000002, 27.890000000000001, 5.4299999999999997
6.7999999999999998, 31.969999999999999, 30.82, 30.27, 5.2999999999999998, 31.100000000000001, 29.760000000000002, 29.870000000000001, 5.5800000000000001, 30.460000000000001, 30.120000000000001, 30.640000000000001, 0.0, 39.109999999999999, 29.82, 30.75, 4.3899999999999997, 30.989999999999998, 30.0, 30.300000000000001, 4.71, 30.829999999999998, 30.34, 30.109999999999999, 4.9500000000000002, 31.449999999999999, 30.420000000000002, 30.640000000000001, 5.1600000000000001, 30.82, 30.16, 30.690000000000001
29.899999999999999, 6.2199999999999998, 30.059999999999999, 29.629999999999999, 30.449999999999999, 4.5300000000000002, 28.899999999999999, 29.559999999999999, 31.079999999999998, 5.0599999999999996, 29.84, 29.199999999999999, 39.109999999999999, 0.0, 29.780000000000001, 30.440000000000001, 31.370000000000001, 5.0999999999999996, 29.489999999999998, 29.350000000000001, 31.16, 5.5700000000000003, 29.57, 29.920000000000002, 31.379999999999999, 5.3399999999999999, 29.140000000000001, 29.559999999999999, 31.359999999999999, 5.1399999999999997, 29.52, 29.66
29.760000000000002, 30.0, 6.1200000000000001, 28.34, 29.93, 28.84, 5.5899999999999999, 28.18, 30.129999999999999, 29.800000000000001, 4.9900000000000002, 27.93, 29.82, 29.780000000000001, 0.0, 27.640000000000001, 30.059999999999999, 29.280000000000001, 5.0300000000000002, 27.809999999999999, 29.920000000000002, 37.539999999999999, 5.5099999999999998, 27.600000000000001, 29.77, 29.079999999999998, 4.4100000000000001, 27.93, 30.489999999999998, 29.440000000000001, 5.1900000000000004, 28.030000000000001
30.82, 30.469999999999999, 28.09, 5.5099999999999998, 31.18, 29.68, 27.629999999999999, 5.3099999999999996, 30.68, 30.039999999999999, 27.77, 5.7699999999999996, 30.75, 30.440000000000001, 27.640000000000001, 0.0, 30.329999999999998, 29.640000000000001, 28.25, 5.6699999999999999, 30.16, 29.23, 28.309999999999999, 5.4699999999999998, 30.170000000000002, 29.559999999999999, 28.32, 5.6600000000000001, 30.550000000000001, 29.34, 27.93, 5.04
6.6699999999999999, 32.0, 30.420000000000002, 30.219999999999999, 5.4000000000000004, 31.190000000000001, 29.949999999999999, 37.82, 5.5499999999999998, 31.210000000000001, 30.0, 38.020000000000003, 4.3899999999999997, 31.370000000000001, 30.059999999999999, 30.329999999999998, 0.0, 30.350000000000001, 29.640000000000001, 30.359999999999999, 4.6200000000000001, 34.219999999999999, 30.699999999999999, 30.420000000000002, 4.8099999999999996, 30.420000000000002, 30.059999999999999, 30.640000000000001, 5.3200000000000003, 30.91, 29.809999999999999, 30.370000000000001
32.390000000000001, 6.0099999999999998, 29.870000000000001, 29.989999999999998, 29.969999999999999, 5.0899999999999999, 28.670000000000002, 29.300000000000001, 31.030000000000001, 4.8399999999999999, 29.760000000000002, 29.77, 30.989999999999998, 5.0999999999999996, 29.280000000000001, 29.640000000000001, 30.350000000000001, 0.0, 30.07, 29.149999999999999, 31.449999999999999, 5.5999999999999996, 30.149999999999999, 29.57, 30.73, 5.3200000000000003, 29.5, 29.620000000000001, 31.370000000000001, 5.2999999999999998, 29.25, 29.789999999999999
29.32, 30.149999999999999, 6.0999999999999996, 28.329999999999998, 29.620000000000001, 28.710000000000001, 5.4400000000000004, 27.850000000000001, 30.530000000000001, 29.760000000000002, 4.7000000000000002, 27.940000000000001, 30.0, 29.489999999999998, 5.0300000000000002, 28.25, 29.640000000000001, 30.07, 0.0, 27.34, 30.170000000000002, 29.559999999999999, 5.5899999999999999, 27.949999999999999, 30.350000000000001, 29.059999999999999, 4.9900000000000002, 27.879999999999999, 29.82, 29.649999999999999, 5.3399999999999999, 27.52
29.829999999999998, 30.550000000000001, 27.719999999999999, 6.0700000000000003, 30.010000000000002, 29.640000000000001, 27.710000000000001, 5.54, 38.829999999999998, 29.32, 27.949999999999999, 5.1200000000000001, 30.300000000000001, 29.350000000000001, 27.809999999999999, 5.6699999999999999, 30.359999999999999, 29.149999999999999, 27.34, 0.0, 29.780000000000001, 29.449999999999999, 28.300000000000001, 4.96, 29.98, 29.43, 27.920000000000002, 4.3600000000000003, 29.82, 29.260000000000002, 44.0, 5.5599999999999996
6.7800000000000002, 31.780000000000001, 30.91, 30.489999999999998, 5.2599999999999998, 30.579999999999998, 30.16, 29.48, 5.4699999999999998, 31.280000000000001, 30.02, 30.68, 4.71, 31.16, 29.920000000000002, 30.16, 4.6200000000000001, 31.449999999999999, 30.170000000000002, 29.780000000000001, 0.0, 31.129999999999999, 29.949999999999999, 30.489999999999998, 4.4000000000000004, 30.34, 30.140000000000001, 30.890000000000001, 4.9800000000000004, 30.870000000000001, 30.420000000000002, 30.670000000000002
31.390000000000001, 5.21, 30.16, 30.260000000000002, 30.579999999999998, 5.8300000000000001, 29.420000000000002, 29.379999999999999, 31.289999999999999, 5.4500000000000002, 29.329999999999998, 30.129999999999999, 30.829999999999998, 5.5700000000000003, 37.539999999999999, 29.23, 34.219999999999999, 5.5999999999999996, 29.559999999999999, 29.449999999999999, 31.129999999999999, 0.0, 29.760000000000002, 29.329999999999998, 31.52, 4.9299999999999997, 29.469999999999999, 30.100000000000001, 31.84, 4.9199999999999999, 29.469999999999999, 29.449999999999999
29.039999999999999, 30.010000000000002, 5.2599999999999998, 28.149999999999999, 30.609999999999999, 29.41, 5.2300000000000004, 28.23, 31.190000000000001, 29.199999999999999, 5.4900000000000002, 28.260000000000002, 30.34, 29.57, 5.5099999999999998, 28.309999999999999, 30.699999999999999, 30.149999999999999, 5.5899999999999999, 28.300000000000001, 29.949999999999999, 29.760000000000002, 0.0, 27.510000000000002, 30.260000000000002, 29.93, 5.4199999999999999, 28.23, 30.539999999999999, 29.559999999999999, 5.1600000000000001, 28.469999999999999
28.129999999999999, 30.530000000000001, 28.399999999999999, 6.0800000000000001, 30.48, 28.829999999999998, 27.84, 5.46, 31.27, 29.73, 28.170000000000002, 4.54, 30.109999999999999, 29.920000000000002, 27.600000000000001, 5.4699999999999998, 30.420000000000002, 29.57, 27.949999999999999, 4.96, 30.489999999999998, 29.329999999999998, 27.510000000000002, 0.0, 30.02, 29.57, 27.399999999999999, 5.0, 29.73, 29.449999999999999, 27.780000000000001, 5.1399999999999997
6.25, 32.020000000000003, 30.600000000000001, 30.120000000000001, 5.4000000000000004, 31.699999999999999, 30.129999999999999, 30.550000000000001, 5.75, 31.260000000000002, 29.59, 29.84, 4.9500000000000002, 31.379999999999999, 29.77, 30.170000000000002, 4.8099999999999996, 30.73, 30.350000000000001, 29.98, 4.4000000000000004, 31.52, 30.260000000000002, 30.02, 0.0, 31.09, 30.039999999999999, 30.190000000000001, 5.0899999999999999, 31.129999999999999, 29.93, 30.48
28.579999999999998, 5.3899999999999997, 29.760000000000002, 29.91, 38.859999999999999, 5.5700000000000003, 29.079999999999998, 28.949999999999999, 39.310000000000002, 5.6299999999999999, 29.550000000000001, 29.140000000000001, 31.449999999999999, 5.3399999999999999, 29.079999999999998, 29.559999999999999, 30.420000000000002, 5.3200000000000003, 29.059999999999999, 29.43, 30.34, 4.9299999999999997, 29.93, 29.57, 31.09, 0.0, 29.149999999999999, 29.210000000000001, 31.25, 4.04, 29.600000000000001, 30.559999999999999
27.379999999999999, 29.699999999999999, 6.0, 27.879999999999999, 30.390000000000001, 37.280000000000001, 5.4199999999999999, 27.739999999999998, 30.739999999999998, 29.829999999999998, 5.1399999999999997, 27.27, 30.420000000000002, 29.140000000000001, 4.4100000000000001, 28.32, 30.059999999999999, 29.5, 4.9900000000000002, 27.920000000000002, 30.140000000000001, 29.469999999999999, 5.4199999999999999, 27.399999999999999, 30.039999999999999, 29.149999999999999, 0.0, 27.190000000000001, 29.420000000000002, 28.940000000000001, 5.4100000000000001, 27.530000000000001
27.879999999999999, 30.460000000000001, 28.219999999999999, 5.9299999999999997, 30.199999999999999, 29.579999999999998, 27.75, 5.6100000000000003, 30.59, 29.98, 27.829999999999998, 5.2300000000000004, 30.640000000000001, 29.559999999999999, 27.93, 5.6600000000000001, 30.640000000000001, 29.620000000000001, 27.879999999999999, 4.3600000000000003, 30.890000000000001, 30.100000000000001, 28.23, 5.0, 30.190000000000001, 29.210000000000001, 27.190000000000001, 0.0, 29.420000000000002, 29.280000000000001, 27.59, 5.3300000000000001
6.25, 32.079999999999998, 30.920000000000002, 30.260000000000002, 4.3899999999999997, 31.780000000000001, 30.170000000000002, 29.629999999999999, 5.21, 31.109999999999999, 30.199999999999999, 30.09, 5.1600000000000001, 31.359999999999999, 30.489999999999998, 30.550000000000001, 5.3200000000000003, 31.370000000000001, 29.82, 29.82, 4.9800000000000004, 31.84, 30.539999999999999, 29.73, 5.0899999999999999, 31.25, 29.420000000000002, 29.420000000000002, 0.0, 30.460000000000001, 30.219999999999999, 30.27
36.560000000000002, 5.4000000000000004, 29.789999999999999, 29.289999999999999, 30.879999999999999, 5.3499999999999996, 37.020000000000003, 29.440000000000001, 31.27, 5.3099999999999996, 29.07, 29.010000000000002, 30.82, 5.1399999999999997, 29.440000000000001, 29.34, 30.91, 5.2999999999999998, 29.649999999999999, 29.260000000000002, 30.870000000000001, 4.9199999999999999, 29.559999999999999, 29.449999999999999, 31.129999999999999, 4.04, 28.940000000000001, 29.280000000000001, 30.460000000000001, 0.0, 29.460000000000001, 29.149999999999999
29.030000000000001, 29.5, 5.8099999999999996, 28.57, 30.5, 28.960000000000001, 4.4800000000000004, 27.879999999999999, 30.690000000000001, 29.48, 5.3399999999999999, 27.890000000000001, 30.16, 29.52, 5.1900000000000004, 27.93, 29.809999999999999, 29.25, 5.3399999999999999, 44.0, 30.420000000000002, 29.469999999999999, 5.1600000000000001, 27.780000000000001, 29.93, 29.600000000000001, 5.4100000000000001, 27.59, 30.219999999999999, 29.460000000000001, 0.0, 26.780000000000001
28.260000000000002, 30.309999999999999, 28.27, 5.7999999999999998, 30.43, 29.41, 27.84, 4.6200000000000001, 30.870000000000001, 29.829999999999998, 27.52, 5.4299999999999997, 30.690000000000001, 29.66, 28.030000000000001, 5.04, 30.370000000000001, 29.789999999999999, 27.52, 5.5599999999999996, 30.670000000000002, 29.449999999999999, 28.469999999999999, 5.1399999999999997, 30.48, 30.559999999999999, 27.530000000000001, 5.3300000000000001, 30.27, 29.149999999999999, 26.780000000000001, 0.0
